chromosome	start	end	copy_number	minor_cn	major_cn	cellular_prevalence
1	65419	71585	6	2	4	0.337817134676
1	936518	949920	6	2	4	0.337817134676
1	2160134	2241558	6	2	4	0.337817134676
1	2487078	2496821	6	2	4	0.337817134676
1	6219490	6257817	6	2	4	0.337817134676
1	6245080	6269449	6	2	4	0.337817134676
1	6472478	6484730	6	2	4	0.337817134676
1	6845384	7829766	6	2	4	0.337817134676
1	7975954	8003225	6	2	4	0.337817134676
1	8064464	8086368	6	2	4	0.337817134676
1	8412457	8877702	6	2	4	0.337817134676
1	8921059	8939309	6	2	4	0.337817134676
1	9711790	9789172	6	2	4	0.337817134676
1	9789084	9884584	6	2	4	0.337817134676
1	10270863	10441661	6	2	4	0.337817134676
1	10458649	10480201	6	2	4	0.337817134676
1	11166592	11322564	6	2	4	0.337817134676
1	11734537	11751707	6	2	4	0.337817134676
1	11845780	11866977	6	2	4	0.337817134676
1	14026693	14151574	6	2	4	0.337817134676
1	15764935	15775737	6	2	4	0.337817134676
1	15853308	15918874	6	2	4	0.337817134676
1	16174359	16266955	6	2	4	0.337817134676
1	16450832	16482582	6	2	4	0.337817134676
1	17345217	17380665	6	2	4	0.337817134676
1	18957500	19075360	6	2	4	0.337817134676
1	19810897	19956315	6	2	4	0.337817134676
1	19923473	19984949	6	2	4	0.337817134676
1	19923561	19983420	6	2	4	0.337817134676
1	20301924	20306909	6	2	4	0.337817134676
1	20959948	20978004	6	2	4	0.337817134676
1	22352004	22427853	6	2	4	0.337817134676
1	22379120	22419439	6	2	4	0.337817134676
1	22443798	22470462	6	2	4	0.337817134676
1	23037332	23247993	6	2	4	0.337817134676
1	23630264	23670829	6	2	4	0.337817134676
1	25226002	25291612	6	2	4	0.337817134676
1	25568728	25664704	6	2	4	0.337817134676
1	25598884	25656936	6	2	4	0.337817134676
1	25688740	25756683	6	2	4	0.337817134676
1	27019727	27108601	6	2	4	0.337817134676
1	27648636	27662891	6	2	4	0.337817134676
1	28696093	28826881	6	2	4	0.337817134676
1	29213603	29446558	6	2	4	0.337817134676
1	32716840	32751766	6	2	4	0.337817134676
1	32757687	32799236	6	2	4	0.337817134676
1	33116743	33151812	6	2	4	0.337817134676
1	33145961	33169197	6	2	4	0.337817134676
1	33402046	33430286	6	2	4	0.337817134676
1	35734568	35887659	6	2	4	0.337817134676
1	36335409	36396129	6	2	4	0.337817134676
1	36931644	36948879	6	2	4	0.337817134676
1	40303782	40349183	6	2	4	0.337817134676
1	40361098	40367928	6	2	4	0.337817134676
1	43803520	43818443	6	2	4	0.337817134676
1	44398992	44402913	6	2	4	0.337817134676
1	45285516	45308735	6	2	4	0.337817134676
1	45794835	45806142	6	2	4	0.337817134676
1	45805342	45809647	6	2	4	0.337817134676
1	46713360	46744145	6	2	4	0.337817134676
1	46726868	46769280	6	2	4	0.337817134676
1	47533160	47583991	1	0	1	0.276071589355
1	47681962	47697892	1	0	1	0.276071589355
1	47799469	47844511	1	0	1	0.276071589355
1	48761044	48937880	1	0	1	0.276071589355
1	48998527	50489585	1	0	1	0.276071589355
1	51426417	51440305	1	0	1	0.276071589355
1	52607766	52812358	1	0	1	0.276071589355
1	57460451	59012406	1	0	1	0.276071589355
1	59246460	59249999	1	0	1	0.276071589355
1	62208078	62644347	1	0	1	0.276071589355
1	64239693	64647181	1	0	1	0.276071589355
1	65298912	65432187	1	0	1	0.276071589355
1	68511579	68517314	1	0	1	0.276071589355
1	71861623	72748417	1	0	1	0.276071589355
1	76190032	76253260	1	0	1	0.276071589355
1	77333126	77531396	1	0	1	0.276071589355
1	78409740	78444794	1	0	1	0.276071589355
1	78444859	78483648	1	0	1	0.276071589355
1	85731459	85742587	1	0	1	0.276071589355
1	86194916	86622626	1	0	1	0.276071589355
1	89318615	89357627	1	0	1	0.276071589355
1	89401456	89458636	1	0	1	0.276071589355
1	89445139	89458643	1	0	1	0.276071589355
1	91726323	91870426	1	0	1	0.276071589355
1	92545862	92650282	1	0	1	0.276071589355
1	92974253	93257961	1	0	1	0.276071589355
1	93297540	93307481	1	0	1	0.276071589355
1	93298294	93427079	1	0	1	0.276071589355
1	94884011	94984222	1	0	1	0.276071589355
1	97543299	98460556	1	0	1	0.276071589355
1	99729509	99775146	1	0	1	0.276071589355
1	104096437	104122156	1	0	1	0.276071589355
1	107599301	107610258	1	0	1	0.276071589355
1	108113782	108507766	1	0	1	0.276071589355
1	109380282	109506106	1	0	1	0.276071589355
1	110527308	110566363	1	0	1	0.276071589355
1	110881128	110889303	1	0	1	0.276071589355
1	110905470	110933704	1	0	1	0.276071589355
1	114356433	114414381	1	0	1	0.276071589355
1	115247090	115259515	1	0	1	0.276071589355
1	115828539	115880857	1	0	1	0.276071589355
1	116519119	116612675	1	0	1	0.276071589355
1	116654376	116677861	1	0	1	0.276071589355
1	116915290	116952883	1	0	1	0.276071589355
1	117910071	118071494	1	0	1	0.276071589355
1	118148556	118170994	1	0	1	0.276071589355
1	118472343	118509165	1	0	1	0.276071589355
1	118496484	118727846	1	0	1	0.276071589355
1	119957554	119965658	1	0	1	0.276071589355
1	120049821	120057677	1	0	1	0.276071589355
1	120191034	120286849	1	0	1	0.276071589355
1	120454176	120612240	1	0	1	0.276071589355
1	144339738	144521058	1	0	1	0.276071589355
1	144836157	145076186	1	0	1	0.276071589355
1	145209119	145291972	1	0	1	0.276071589355
1	145209145	145318987	1	0	1	0.276071589355
1	149900543	149908762	5	2	3	0.253204068595
1	150229554	150237478	5	2	3	0.253204068595
1	150237799	150241980	5	2	3	0.253204068595
1	150547027	150552214	5	2	3	0.253204068595
1	150702672	150738433	5	2	3	0.253204068595
1	151023447	151042801	5	2	3	0.253204068595
1	151030234	151040973	5	2	3	0.253204068595
1	151227179	151239955	5	2	3	0.253204068595
1	151372010	151374420	5	2	3	0.253204068595
1	152184558	152196669	5	2	3	0.253204068595
1	153516089	153522612	5	2	3	0.253204068595
1	154377669	154441926	5	2	3	0.253204068595
1	154554533	154600489	5	2	3	0.253204068595
1	154916552	154928599	5	2	3	0.253204068595
1	154947129	154951725	5	2	3	0.253204068595
1	155278539	155290457	5	2	3	0.253204068595
1	155867599	155881195	5	2	3	0.253204068595
1	156030951	156040305	5	2	3	0.253204068595
1	156052364	156109880	5	2	3	0.253204068595
1	156259880	156265480	5	2	3	0.253204068595
1	156720402	156770609	5	2	3	0.253204068595
1	156776035	156786654	5	2	3	0.253204068595
1	156785432	156851642	5	2	3	0.253204068595
1	156809855	156828810	5	2	3	0.253204068595
1	157061836	157069600	5	2	3	0.253204068595
1	157090983	157108266	5	2	3	0.253204068595
1	159032274	159116886	5	2	3	0.253204068595
1	160577890	160617085	5	2	3	0.253204068595
1	161087876	161095235	5	2	3	0.253204068595
1	161090764	161102478	5	2	3	0.253204068595
1	161284047	161345130	5	2	3	0.253204068595
1	161475220	161493803	5	2	3	0.253204068595
1	161511549	161520527	5	2	3	0.253204068595
1	161592986	161601753	5	2	3	0.253204068595
1	161632937	161648444	5	2	3	0.253204068595
1	162601163	162757190	5	2	3	0.253204068595
1	169101769	169337205	5	2	3	0.253204068595
1	170631869	170708560	5	2	3	0.253204068595
1	171283347	171311223	5	2	3	0.253204068595
1	171810638	172387606	5	2	3	0.253204068595
1	172628158	172636014	5	2	3	0.253204068595
1	174128548	174964445	5	2	3	0.253204068595
1	178063276	178453282	5	2	3	0.253204068595
1	178694282	178890976	5	2	3	0.253204068595
1	179068462	179198819	5	2	3	0.253204068595
1	179560748	179660407	5	2	3	0.253204068595
1	180238788	180472089	5	2	3	0.253204068595
1	182869000	182922660	5	2	3	0.253204068595
1	185126212	185260897	5	2	3	0.253204068595
1	193090930	193223945	5	2	3	0.253204068595
1	196194909	196578355	5	2	3	0.253204068595
1	197237334	197447585	5	2	3	0.253204068595
1	197473878	197744826	5	2	3	0.253204068595
1	201008640	201081694	5	2	3	0.253204068595
1	201083081	201096312	5	2	3	0.253204068595
1	201977073	201986316	5	2	3	0.253204068595
1	202300785	202311108	5	2	3	0.253204068595
1	203274619	203278730	5	2	3	0.253204068595
1	204391756	204463852	5	2	3	0.253204068595
1	204485507	204527248	5	2	3	0.253204068595
1	205566684	205601090	5	2	3	0.253204068595
1	206516200	206637783	5	2	3	0.253204068595
1	206643819	206670222	5	2	3	0.253204068595
1	206858289	206907628	5	2	3	0.253204068595
1	210850165	211307522	5	2	3	0.253204068595
1	211431719	211489727	5	2	3	0.253204068595
1	212458879	212535205	5	2	3	0.253204068595
1	212606229	212619721	5	2	3	0.253204068595
1	213224575	213448116	5	2	3	0.253204068595
1	217804666	218045038	5	2	3	0.253204068595
1	219858769	220131989	5	2	3	0.253204068595
1	220141943	220220000	5	2	3	0.253204068595
1	220321635	220445796	5	2	3	0.253204068595
1	221874766	221915518	5	2	3	0.253204068595
1	223282748	223316624	5	2	3	0.253204068595
1	225997794	226033264	5	2	3	0.253204068595
1	226249552	226259702	5	2	3	0.253204068595
1	226819391	226927024	0	0	0	0.11778540734
1	227177566	227506175	0	0	0	0.11778540734
1	227916240	227968932	0	0	0	0.11778540734
1	227918126	227923112	0	0	0	0.11778540734
1	228106357	228135599	0	0	0	0.11778540734
1	228194752	228248961	0	0	0	0.11778540734
1	231499497	231560790	0	0	0	0.11778540734
1	235613238	235667781	0	0	0	0.11778540734
1	236681300	236716281	0	0	0	0.11778540734
1	236712305	236767804	0	0	0	0.11778540734
1	236958581	237067281	0	0	0	0.11778540734
1	240177648	240638489	0	0	0	0.11778540734
1	241660903	241683061	0	0	0	0.11778540734
1	243419336	243663394	0	0	0	0.11778540734
1	243651535	244014381	0	0	0	0.11778540734
1	245003940	245027862	0	0	0	0.11778540734
1	247002400	247095269	0	0	0	0.11778540734
1	247108849	247242113	0	0	0	0.11778540734
1	247200086	247242057	0	0	0	0.11778540734
1	247285277	247335318	0	0	0	0.11778540734
1	248360567	248376227	0	0	0	0.11778540734
2	8818975	8824583	2	0	2	0.192073278534
2	8992820	9143942	2	0	2	0.192073278534
2	9346894	9545812	2	0	2	0.192073278534
2	9724101	9771143	2	0	2	0.192073278534
2	11319887	11488456	2	0	2	0.192073278534
2	12857015	12882860	2	0	2	0.192073278534
2	15731302	15771235	2	0	2	0.192073278534
2	16080686	16087129	2	0	2	0.192073278534
2	17845079	17981509	2	0	2	0.192073278534
2	17935125	17970208	2	0	2	0.192073278534
2	20646835	20649206	2	0	2	0.192073278534
2	21224301	21266945	2	0	2	0.192073278534
2	25450724	25565459	2	0	2	0.192073278534
2	26466038	26513336	2	0	2	0.192073278534
2	27994584	28210954	2	0	2	0.192073278534
2	28004231	28113965	2	0	2	0.192073278534
2	28615315	28640179	2	0	2	0.192073278534
2	29320571	29412509	2	0	2	0.192073278534
2	29415640	30144432	2	0	2	0.192073278534
2	32582096	32843966	2	0	2	0.192073278534
2	38294116	38337044	2	0	2	0.192073278534
2	43457975	43823185	2	0	2	0.192073278534
2	44395990	44547449	2	0	2	0.192073278534
2	44589089	44999731	2	0	2	0.192073278534
2	47572297	47614740	2	0	2	0.192073278534
2	47630108	47890285	2	0	2	0.192073278534
2	47922669	48037240	2	0	2	0.192073278534
2	48016455	48132932	2	0	2	0.192073278534
2	54197975	54532437	2	0	2	0.192073278534
2	55861400	55921045	2	0	2	0.192073278534
2	58134764	58387055	2	0	2	0.192073278534
2	58386378	58468507	2	0	2	0.192073278534
2	60677655	60782289	2	0	2	0.192073278534
2	61108656	61158745	2	0	2	0.192073278534
2	61372203	61391964	2	0	2	0.192073278534
2	61704984	61765761	2	0	2	0.192073278534
2	63348518	64054977	2	0	2	0.192073278534
2	63815743	63834331	2	0	2	0.192073278534
2	64068074	64118696	2	0	2	0.192073278534
2	70124820	70170077	2	0	2	0.192073278534
2	70314586	70316335	2	0	2	0.192073278534
2	70674412	70781325	2	0	2	0.192073278534
2	72403113	73053170	2	0	2	0.192073278534
2	73460548	73480149	2	0	2	0.192073278534
2	73612886	73837920	2	0	2	0.192073278534
2	74425689	74444692	2	0	2	0.192073278534
2	74438731	74590504	2	0	2	0.192073278534
2	74740590	74744274	2	0	2	0.192073278534
2	76974845	77820445	2	0	2	0.192073278534
2	84743579	85046713	2	0	2	0.192073278534
2	85048774	85134132	2	0	2	0.192073278534
2	85132749	85133799	2	0	2	0.192073278534
2	85822848	85824736	2	0	2	0.192073278534
2	86441116	86565206	2	0	2	0.192073278534
2	87135076	87241099	2	0	2	0.192073278534
2	88055474	88125471	2	0	2	0.192073278534
2	88991162	89050452	2	0	2	0.192073278534
2	96850597	96874563	2	0	2	0.192073278534
2	96914254	96931732	2	0	2	0.192073278534
2	99613724	99771427	2	0	2	0.192073278534
2	103353364	103636358	2	0	2	0.192073278534
2	106361354	106510730	2	0	2	0.192073278534
2	107007746	107084832	2	0	2	0.192073278534
2	108443393	108507297	2	0	2	0.192073278534
2	109335937	109402267	2	0	2	0.192073278534
2	111490150	111875799	2	0	2	0.192073278534
2	111876955	111926024	2	0	2	0.192073278534
2	113127669	113192065	2	0	2	0.192073278534
2	114462588	114514400	1	0	1	0.363040000031
2	115199876	116603328	1	0	1	0.363040000031
2	118846028	118868573	1	0	1	0.363040000031
2	121493199	121750229	1	0	1	0.363040000031
2	128014866	128051752	1	0	1	0.363040000031
2	131862420	132111282	1	0	1	0.363040000031
2	136871919	136875735	1	0	1	0.363040000031
2	138721590	138773934	1	0	1	0.363040000031
2	140988992	142889270	1	0	1	0.363040000031
2	148602086	148688395	1	0	1	0.363040000031
2	152214106	152236562	1	0	1	0.363040000031
2	158592956	158732374	1	0	1	0.363040000031
2	159027593	159313265	1	0	1	0.363040000031
2	159825183	160089170	1	0	1	0.363040000031
2	160175490	160473203	1	0	1	0.363040000031
2	162280843	162841792	1	0	1	0.363040000031
2	163227917	163695240	1	0	1	0.363040000031
2	167744997	168116263	1	0	1	0.363040000031
2	170440850	170497916	1	0	1	0.363040000031
2	173292082	173371010	1	0	1	0.363040000031
2	173420101	173473397	1	0	1	0.363040000031
2	174771187	174830430	1	0	1	0.363040000031
2	176968944	176974482	1	0	1	0.363040000031
2	176973518	176984670	1	0	1	0.363040000031
2	177001340	177037830	1	0	1	0.363040000031
2	177015813	177037825	1	0	1	0.363040000031
2	178092323	178257425	1	0	1	0.363040000031
2	179328391	179343327	1	0	1	0.363040000031
2	179694484	179914813	1	0	1	0.363040000031
2	182818968	182996125	1	0	1	0.363040000031
2	183004763	183387919	1	0	1	0.363040000031
2	189156396	189460658	1	0	1	0.363040000031
2	190648811	190742355	1	0	1	0.363040000031
2	191054461	191208919	1	0	1	0.363040000031
2	191273081	191373931	1	0	1	0.363040000031
2	191894302	192016322	1	0	1	0.363040000031
2	192813769	193060435	1	0	1	0.363040000031
2	197504278	197628214	1	0	1	0.363040000031
2	198254508	198299815	1	0	1	0.363040000031
2	198669426	199437305	1	0	1	0.363040000031
2	202098166	202152434	1	0	1	0.363040000031
2	202509593	202563417	1	0	1	0.363040000031
2	204732494	204738688	1	0	1	0.363040000031
2	205410516	206484886	1	0	1	0.363040000031
2	207308263	207485854	1	0	1	0.363040000031
2	209100951	209130798	1	0	1	0.363040000031
2	209224438	209719227	1	0	1	0.363040000031
2	211154874	211179914	1	0	1	0.363040000031
2	212240442	213403565	1	0	1	0.363040000031
2	214149103	215275225	1	0	1	0.363040000031
2	215590370	215674435	1	0	1	0.363040000031
2	216176540	216214496	1	0	1	0.363040000031
2	216972187	217071026	1	0	1	0.363040000031
2	217497551	217529159	1	0	1	0.363040000031
2	219135115	219211516	1	0	1	0.363040000031
2	219138915	219157309	1	0	1	0.363040000031
2	219724544	219738955	1	0	1	0.363040000031
2	219745085	219764303	1	0	1	0.363040000031
2	219845809	219850379	1	0	1	0.363040000031
2	219919142	219925189	1	0	1	0.363040000031
2	223064607	223163715	1	0	1	0.363040000031
2	223162866	223169936	1	0	1	0.363040000031
2	223725652	223809357	1	0	1	0.363040000031
2	225334867	225450114	1	0	1	0.363040000031
2	226264426	226518734	1	0	1	0.363040000031
2	227596033	227664475	1	0	1	0.363040000031
2	228029281	228179508	1	0	1	0.363040000031
2	228844666	229046361	1	0	1	0.363040000031
2	231729354	231743963	1	0	1	0.363040000031
2	231921578	232037541	1	0	1	0.363040000031
2	232318242	232348352	1	0	1	0.363040000031
2	232825955	233209060	1	0	1	0.363040000031
2	233470767	233547491	1	0	1	0.363040000031
2	234526291	234681956	1	0	1	0.363040000031
2	234545100	234681951	1	0	1	0.363040000031
2	234580499	234681946	1	0	1	0.363040000031
2	234590584	234681945	1	0	1	0.363040000031
2	234600253	234681946	1	0	1	0.363040000031
2	234621638	234681945	1	0	1	0.363040000031
2	234627424	234681945	1	0	1	0.363040000031
2	234637754	234681945	1	0	1	0.363040000031
2	234668894	234681945	1	0	1	0.363040000031
2	236402733	237040444	1	0	1	0.363040000031
2	238232646	238323018	1	0	1	0.363040000031
2	239756673	239832239	1	0	1	0.363040000031
2	239969864	240323348	1	0	1	0.363040000031
2	242626500	242668893	1	0	1	0.363040000031
2	242792033	242801060	1	0	1	0.363040000031
3	3742498	4508965	3	1	2	0.385288767045
3	4344988	4359251	3	1	2	0.385288767045
3	8661086	8786726	3	1	2	0.385288767045
3	10004221	10052800	3	1	2	0.385288767045
3	10068098	10143614	3	1	2	0.385288767045
3	10123001	10149915	3	1	2	0.385288767045
3	10182692	10193904	3	1	2	0.385288767045
3	12328867	12475855	3	1	2	0.385288767045
3	12525931	12581122	3	1	2	0.385288767045
3	12556433	12602558	3	1	2	0.385288767045
3	12625100	12705725	3	1	2	0.385288767045
3	12837971	12913415	3	1	2	0.385288767045
3	13857755	13921618	3	1	2	0.385288767045
3	14176717	14189752	3	1	2	0.385288767045
3	14186647	14220283	3	1	2	0.385288767045
3	14219858	14242619	3	1	2	0.385288767045
3	17198654	18486309	3	1	2	0.385288767045
3	21453714	22414812	3	1	2	0.385288767045
3	30647994	30735634	3	1	2	0.385288767045
3	30767692	30936257	3	1	2	0.385288767045
3	32433163	32524559	3	1	2	0.385288767045
3	37026534	37034659	3	1	2	0.385288767045
3	37034823	37092409	3	1	2	0.385288767045
3	37094147	37225180	3	1	2	0.385288767045
3	38179969	38184513	3	1	2	0.385288767045
3	39850405	40301812	3	1	2	0.385288767045
3	40518622	40560227	3	1	2	0.385288767045
3	41236232	41301587	3	1	2	0.385288767045
3	41288090	42003922	3	1	2	0.385288767045
3	42695176	42707346	3	1	2	0.385288767045
3	44283378	44373590	3	1	2	0.385288767045
3	47057919	47205457	3	1	2	0.385288767045
3	49396578	49450431	3	1	2	0.385288767045
3	49944593	49967606	3	1	2	0.385288767045
3	52232102	52248343	3	1	2	0.385288767045
3	52262626	52273276	3	1	2	0.385288767045
3	52435029	52444366	3	1	2	0.385288767045
3	52568029	52613253	3	1	2	0.385288767045
3	52579368	52719933	3	1	2	0.385288767045
3	52728504	52740048	3	1	2	0.385288767045
3	52738971	52745162	3	1	2	0.385288767045
3	53258723	53290068	3	1	2	0.385288767045
3	54156574	55108584	3	1	2	0.385288767045
3	55499743	55524567	3	1	2	0.385288767045
3	57994127	58157978	3	1	2	0.385288767045
3	59735036	61237133	3	1	2	0.385288767045
3	69788586	70017488	3	1	2	0.385288767045
3	70246045	70361877	3	1	2	0.385288767045
3	71001968	71633144	3	1	2	0.385288767045
3	71008377	71803380	3	1	2	0.385288767045
3	74311719	74570291	3	1	2	0.385288767045
3	75955846	77699115	3	1	2	0.385288767045
3	78646390	79816965	3	1	2	0.385288767045
3	85008132	86123579	3	1	2	0.385288767045
3	86925538	87040269	3	1	2	0.385288767045
3	93591877	93698847	3	1	2	0.385288767045
3	93698983	93774512	3	1	2	0.385288767045
3	96533425	97471304	3	1	2	0.385288767045
3	98451080	98540045	3	1	2	0.385288767045
3	98514785	98620533	3	1	2	0.385288767045
3	100468000	100712359	3	1	2	0.385288767045
3	100941390	101039404	3	1	2	0.385288767045
3	101043049	101232085	3	1	2	0.385288767045
3	105085753	105295744	3	1	2	0.385288767045
3	105374305	105588396	3	1	2	0.385288767045
3	111451344	111695364	3	1	2	0.385288767045
3	111805182	111849851	3	1	2	0.385288767045
3	112709765	112733907	3	1	2	0.385288767045
3	113080748	113233998	3	1	2	0.385288767045
3	113161565	113234034	3	1	2	0.385288767045
3	113367232	113415493	3	1	2	0.385288767045
3	113465866	113530903	3	1	2	0.385288767045
3	113995760	114029135	3	1	2	0.385288767045
3	114033348	114866118	3	1	2	0.385288767045
3	118619404	118864915	3	1	2	0.385288767045
3	121150274	121265488	3	1	2	0.385288767045
3	121774213	121839986	3	1	2	0.385288767045
3	121902530	122010476	3	1	2	0.385288767045
3	122458850	122512671	3	1	2	0.385288767045
3	122513642	122599986	3	1	2	0.385288767045
3	123328896	123603178	3	1	2	0.385288767045
3	123798870	124445172	3	1	2	0.385288767045
3	124449213	124468120	3	1	2	0.385288767045
3	124944405	125094198	3	1	2	0.385288767045
3	126061478	126076285	3	1	2	0.385288767045
3	128198270	128212028	3	1	2	0.385288767045
3	130569439	130735556	3	1	2	0.385288767045
3	130732719	130746493	3	1	2	0.385288767045
3	130745694	131069309	3	1	2	0.385288767045
3	131252399	132004254	3	1	2	0.385288767045
3	134316643	134979309	3	1	2	0.385288767045
3	136537489	136574734	3	1	2	0.385288767045
3	136581050	136668665	3	1	2	0.385288767045
3	138371541	138553780	3	1	2	0.385288767045
3	138663066	138665982	3	1	2	0.385288767045
3	138666076	138672293	3	1	2	0.385288767045
3	138724648	139076065	3	1	2	0.385288767045
3	141876369	141944449	3	1	2	0.385288767045
3	142168077	142297668	3	1	2	0.385288767045
3	142984064	143567373	3	1	2	0.385288767045
3	151961617	152183569	3	1	2	0.385288767045
3	155755490	156256927	3	1	2	0.385288767045
3	156543270	156763918	3	1	2	0.385288767045
3	157823644	158263519	3	1	2	0.385288767045
3	158449987	158547508	3	1	2	0.385288767045
3	158680024	159615155	3	1	2	0.385288767045
3	158680717	158984096	3	1	2	0.385288767045
3	160394947	160396240	3	1	2	0.385288767045
3	164904508	164914897	3	1	2	0.385288767045
3	166958075	167099134	3	1	2	0.385288767045
3	168801287	169381406	3	1	2	0.385288767045
3	169484709	169487683	3	1	2	0.385288767045
3	169940153	170023769	3	1	2	0.385288767045
3	170075466	170114623	3	1	2	0.385288767045
3	170714137	170744539	3	1	2	0.385288767045
3	171757418	172119455	3	1	2	0.385288767045
3	174156363	175528340	3	1	2	0.385288767045
3	176737128	176945788	3	1	2	0.385288767045
3	178865902	178957881	3	1	2	0.385288767045
3	181429712	181432224	3	1	2	0.385288767045
3	183205319	183273477	3	1	2	0.385288767045
3	183892477	183901879	3	1	2	0.385288767045
3	184016497	184026842	3	1	2	0.385288767045
3	184089723	184099756	3	1	2	0.385288767045
3	184795838	184870802	3	1	2	0.385288767045
3	185764097	185828107	3	1	2	0.385288767045
3	185823457	186080026	3	1	2	0.385288767045
3	187439165	187463515	3	1	2	0.385288767045
3	187871072	188608460	3	1	2	0.385288767045
3	189349205	189615068	3	1	2	0.385288767045
3	189674517	189840226	3	1	2	0.385288767045
3	190146444	190167665	3	1	2	0.385288767045
3	193853934	193856521	3	1	2	0.385288767045
3	194407273	194409766	3	1	2	0.385288767045
3	196769431	197026171	3	1	2	0.385288767045
4	124362	196092	4	2	2	0.392136560846
4	1795020	1810599	4	2	2	0.392136560846
4	1873151	1983934	4	2	2	0.392136560846
4	9772777	10056560	4	2	2	0.392136560846
4	9783304	9785633	4	2	2	0.392136560846
4	10075963	10118573	4	2	2	0.392136560846
4	13542454	13546674	4	2	2	0.392136560846
4	16503164	16900432	4	2	2	0.392136560846
4	20254883	20622184	4	2	2	0.392136560846
4	26165077	26436753	4	2	2	0.392136560846
4	26578059	26756973	4	2	2	0.392136560846
4	30722037	31148427	4	2	2	0.392136560846
4	35949843	36246131	4	2	2	0.392136560846
4	38773860	38784611	4	2	2	0.392136560846
4	38792298	38858438	4	2	2	0.392136560846
4	38825336	38858438	4	2	2	0.392136560846
4	39454141	39460569	4	2	2	0.392136560846
4	39500375	39529931	4	2	2	0.392136560846
4	39824483	39979576	4	2	2	0.392136560846
4	40192673	40248587	4	2	2	0.392136560846
4	41361624	41702061	4	2	2	0.392136560846
4	41746099	41750987	4	2	2	0.392136560846
4	44175926	44450824	4	2	2	0.392136560846
4	46037786	46126098	4	2	2	0.392136560846
4	48988264	49064098	4	2	2	0.392136560846
4	52709166	52783003	4	2	2	0.392136560846
4	53739149	54232242	4	2	2	0.392136560846
4	54244006	55161439	4	2	2	0.392136560846
4	54875956	54930857	4	2	2	0.392136560846
4	55095264	55164414	4	2	2	0.392136560846
4	55524085	55606881	4	2	2	0.392136560846
4	55944426	55991762	4	2	2	0.392136560846
4	56294070	56413305	4	2	2	0.392136560846
4	57204453	57253674	4	2	2	0.392136560846
4	62066976	62944053	4	2	2	0.392136560846
4	66185281	66536213	4	2	2	0.392136560846
4	68605046	68620078	4	2	2	0.392136560846
4	69681711	69696914	4	2	2	0.392136560846
4	70065669	70080449	4	2	2	0.392136560846
4	70146217	70160768	4	2	2	0.392136560846
4	71296209	71348714	4	2	2	0.392136560846
4	71768043	71888166	4	2	2	0.392136560846
4	72897521	73013784	4	2	2	0.392136560846
4	73146686	73435103	4	2	2	0.392136560846
4	74979891	75168816	4	2	2	0.392136560846
4	75230860	75254468	4	2	2	0.392136560846
4	75480629	75490486	4	2	2	0.392136560846
4	75669969	75719896	4	2	2	0.392136560846
4	79697496	79837526	2	0	2	0.627058330314
4	80822303	81046608	2	0	2	0.627058330314
4	81105033	81125483	2	0	2	0.627058330314
4	81187753	81257834	2	0	2	0.627058330314
4	82008524	82136271	2	0	2	0.627058330314
4	82347547	82965397	2	0	2	0.627058330314
4	83739814	83822319	2	0	2	0.627058330314
4	84377085	84390888	2	0	2	0.627058330314
4	84380670	84444501	2	0	2	0.627058330314
4	87515468	87736324	2	0	2	0.627058330314
4	89444961	89570998	2	0	2	0.627058330314
4	89647106	90032549	2	0	2	0.627058330314
4	91048686	92523064	2	0	2	0.627058330314
4	93224773	94731308	2	0	2	0.627058330314
4	98105244	99064391	2	0	2	0.627058330314
4	99391518	99579780	2	0	2	0.627058330314
4	102332443	102995969	2	0	2	0.627058330314
4	103806205	103940896	2	0	2	0.627058330314
4	104507188	104640973	2	0	2	0.627058330314
4	106067032	106200973	2	0	2	0.627058330314
4	106473777	106629250	2	0	2	0.627058330314
4	106962756	107242652	2	0	2	0.627058330314
4	107842959	108204963	2	0	2	0.627058330314
4	108968701	109090112	2	0	2	0.627058330314
4	109541722	109551568	2	0	2	0.627058330314
4	110834040	110933422	2	0	2	0.627058330314
4	111286889	111486441	2	0	2	0.627058330314
4	113066553	113116412	2	0	2	0.627058330314
4	113460489	113558151	2	0	2	0.627058330314
4	113739265	114304896	2	0	2	0.627058330314
4	119201193	119274158	2	0	2	0.627058330314
4	123073488	123283913	2	0	2	0.627058330314
4	123747863	123819391	2	0	2	0.627058330314
4	123809852	123844123	2	0	2	0.627058330314
4	123844229	124240605	2	0	2	0.627058330314
4	128544426	128647892	2	0	2	0.627058330314
4	128651533	128695454	2	0	2	0.627058330314
4	129786076	130014762	2	0	2	0.627058330314
4	140417095	140527853	2	0	2	0.627058330314
4	140586922	140661899	2	0	2	0.627058330314
4	140637907	141075338	2	0	2	0.627058330314
4	142557752	142655140	2	0	2	0.627058330314
4	142944313	143768585	2	0	2	0.627058330314
4	144257915	144395721	2	0	2	0.627058330314
4	144792020	144826716	5	2	3	0.483086657998
4	145131854	146019326	5	2	3	0.483086657998
4	146402346	146479231	5	2	3	0.483086657998
4	147627790	147867034	5	2	3	0.483086657998
4	148999913	149365850	5	2	3	0.483086657998
4	150273055	150817385	5	2	3	0.483086657998
4	151185683	151936879	5	2	3	0.483086657998
4	153241696	153457215	5	2	3	0.483086657998
4	157681606	157892546	5	2	3	0.483086657998
4	158125334	158287227	5	2	3	0.483086657998
4	162305049	163085187	5	2	3	0.483086657998
4	164445450	165305202	5	2	3	0.483086657998
4	166794410	167025047	5	2	3	0.483086657998
4	167654535	168155947	5	2	3	0.483086657998
4	169277886	169458937	5	2	3	0.483086657998
4	169418217	169849608	5	2	3	0.483086657998
4	169784921	169931426	5	2	3	0.483086657998
4	172733405	173962710	5	2	3	0.483086657998
4	176986985	177103969	5	2	3	0.483086657998
4	177604689	177713881	5	2	3	0.483086657998
4	185308867	185395734	5	2	3	0.483086657998
4	187508937	187647876	5	2	3	0.483086657998
5	92266	190087	4	2	2	0.205391662457
5	218356	256815	4	2	2	0.205391662457
5	1253262	1295184	4	2	2	0.205391662457
5	7851299	7906138	4	2	2	0.205391662457
5	7859272	7869150	4	2	2	0.205391662457
5	10250033	10266524	4	2	2	0.205391662457
5	14704909	14871894	4	2	2	0.205391662457
5	16473147	16617167	4	2	2	0.205391662457
5	19473060	20575982	4	2	2	0.205391662457
5	31639517	32111037	4	2	2	0.205391662457
5	32354456	32444867	4	2	2	0.205391662457
5	35852797	35879705	4	2	2	0.205391662457
5	37379314	37753537	4	2	2	0.205391662457
5	37812779	37839788	4	2	2	0.205391662457
5	38845960	38945698	4	2	2	0.205391662457
5	38938021	39074510	4	2	2	0.205391662457
5	40512435	40756077	4	2	2	0.205391662457
5	42423879	42721980	4	2	2	0.205391662457
5	42756903	42802462	4	2	2	0.205391662457
5	43192173	43280952	4	2	2	0.205391662457
5	44303646	44389808	4	2	2	0.205391662457
5	45255052	45696600	4	2	2	0.205391662457
5	49961733	50142356	4	2	2	0.205391662457
5	56111401	56191979	4	2	2	0.205391662457
5	56205087	56221359	4	2	2	0.205391662457
5	57878048	58155221	4	2	2	0.205391662457
5	58264865	59817947	4	2	2	0.205391662457
5	60047618	60140216	4	2	2	0.205391662457
5	60628100	60841997	4	2	2	0.205391662457
5	61601989	61833076	4	2	2	0.205391662457
5	61699799	61924409	4	2	2	0.205391662457
5	63256183	63258334	4	2	2	0.205391662457
5	63461671	63668696	4	2	2	0.205391662457
5	65222303	65378377	4	2	2	0.205391662457
5	67511548	67597649	4	2	2	0.205391662457
5	72794233	72801460	4	2	2	0.205391662457
5	75378997	75649764	4	2	2	0.205391662457
5	76721795	76916436	4	2	2	0.205391662457
5	78293429	78531861	4	2	2	0.205391662457
5	78668459	78810040	4	2	2	0.205391662457
5	79922047	79950802	4	2	2	0.205391662457
5	79950467	80172279	4	2	2	0.205391662457
5	81267844	81572676	4	2	2	0.205391662457
5	81569177	81574396	4	2	2	0.205391662457
5	82933624	83017432	4	2	2	0.205391662457
5	83236373	83680611	4	2	2	0.205391662457
5	86563705	86687748	4	2	2	0.205391662457
5	86614233	86708836	4	2	2	0.205391662457
5	88012934	88200074	4	2	2	0.205391662457
5	92953775	93447404	4	2	2	0.205391662457
5	94039446	94620279	4	2	2	0.205391662457
5	107194736	107717799	4	2	2	0.205391662457
5	108083523	108532542	4	2	2	0.205391662457
5	109025067	109205326	4	2	2	0.205391662457
5	110559351	110830584	4	2	2	0.205391662457
5	110998318	111333161	4	2	2	0.205391662457
5	112043195	112181936	4	2	2	0.205391662457
5	112162910	112203279	4	2	2	0.205391662457
5	112196885	112234068	4	2	2	0.205391662457
5	112212076	112258236	4	2	2	0.205391662457
5	115420688	115748459	4	2	2	0.205391662457
5	119799973	120023027	4	2	2	0.205391662457
5	121297656	121411265	4	2	2	0.205391662457
5	122179134	122365049	4	2	2	0.205391662457
5	122358945	122372436	4	2	2	0.205391662457
5	122424816	122529960	4	2	2	0.205391662457
5	122680579	122759286	4	2	2	0.205391662457
5	127039081	127277326	4	2	2	0.205391662457
5	127419458	127525380	4	2	2	0.205391662457
5	127593601	127994878	4	2	2	0.205391662457
5	130494720	130507428	4	2	2	0.205391662457
5	130759614	130970929	4	2	2	0.205391662457
5	130761584	131132676	4	2	2	0.205391662457
5	131396222	131398897	4	2	2	0.205391662457
5	131746524	131981771	4	2	2	0.205391662457
5	131817301	131826490	4	2	2	0.205391662457
5	131891711	131982036	4	2	2	0.205391662457
5	134074191	134087850	4	2	2	0.205391662457
5	134906369	134914969	4	2	2	0.205391662457
5	135468534	135524435	4	2	2	0.205391662457
5	137419581	137428054	4	2	2	0.205391662457
5	137946656	138270723	4	2	2	0.205391662457
5	138855119	138862520	4	2	2	0.205391662457
5	139712428	139726216	4	2	2	0.205391662457
5	140165721	140391932	4	2	2	0.205391662457
5	140174437	140391929	4	2	2	0.205391662457
5	140180613	140391929	4	2	2	0.205391662457
5	140186659	140391929	4	2	2	0.205391662457
5	140201189	140391929	4	2	2	0.205391662457
5	140207563	140391929	4	2	2	0.205391662457
5	140213969	140391929	4	2	2	0.205391662457
5	140220772	140391929	4	2	2	0.205391662457
5	140227048	140391929	4	2	2	0.205391662457
5	140235468	140391929	4	2	2	0.205391662457
5	140247768	140391929	4	2	2	0.205391662457
5	140254887	140391929	4	2	2	0.205391662457
5	140261793	140391929	4	2	2	0.205391662457
5	141971743	142077635	4	2	2	0.205391662457
5	142149942	142608576	4	2	2	0.205391662457
5	145583113	145718814	4	2	2	0.205391662457
5	145583163	145668695	4	2	2	0.205391662457
5	147204131	147211349	4	2	2	0.205391662457
5	147830595	148056798	4	2	2	0.205391662457
5	148204808	148208250	4	2	2	0.205391662457
5	148931510	149014531	4	2	2	0.205391662457
5	149432854	149492935	4	2	2	0.205391662457
5	149493400	149535435	4	2	2	0.205391662457
5	149546358	149564121	4	2	2	0.205391662457
5	149822198	149829319	4	2	2	0.205391662457
5	150088002	150138671	4	2	2	0.205391662457
5	151040657	151066726	4	2	2	0.205391662457
5	152869175	153193429	4	2	2	0.205391662457
5	155297354	156194799	4	2	2	0.205391662457
5	156512843	156569880	4	2	2	0.205391662457
5	157170703	157187717	4	2	2	0.205391662457
5	158122924	158526769	4	2	2	0.205391662457
5	160974069	161129599	4	2	2	0.205391662457
5	161427063	161589983	4	2	2	0.205391662457
5	162930120	162946342	4	2	2	0.205391662457
5	170288874	170727019	4	2	2	0.205391662457
5	170814120	170838141	4	2	2	0.205391662457
5	170846660	170884627	4	2	2	0.205391662457
5	176513887	176525145	4	2	2	0.205391662457
5	176560026	176727216	4	2	2	0.205391662457
5	177557997	177577566	4	2	2	0.205391662457
5	177576461	177580968	4	2	2	0.205391662457
5	179159851	179204287	4	2	2	0.205391662457
5	179233398	179265078	4	2	2	0.205391662457
5	179289066	179334859	4	2	2	0.205391662457
5	180028506	180076624	4	2	2	0.205391662457
5	180211782	180242652	4	2	2	0.205391662457
5	180649499	180662809	4	2	2	0.205391662457
5	180663909	180675096	4	2	2	0.205391662457
6	391739	411447	4	2	2	0.286547575839
6	1312675	1314983	4	2	2	0.286547575839
6	11712287	11807279	4	2	2	0.286547575839
6	16299343	16761722	4	2	2	0.286547575839
6	18128542	18155305	4	2	2	0.286547575839
6	19837617	19840915	4	2	2	0.286547575839
6	26045639	26046049	4	2	2	0.286547575839
6	26156582	26157335	4	2	2	0.286547575839
6	26195823	26199521	4	2	2	0.286547575839
6	26197068	26197478	4	2	2	0.286547575839
6	26204780	26206266	4	2	2	0.286547575839
6	26277837	26285866	4	2	2	0.286547575839
6	29690552	29706305	4	2	2	0.286547575839
6	29794744	29798902	4	2	2	0.286547575839
6	29909037	29913661	4	2	2	0.286547575839
6	30457244	30461982	4	2	2	0.286547575839
6	31132114	31148508	4	2	2	0.286547575839
6	31236526	31239907	4	2	2	0.286547575839
6	31237268	31324965	4	2	2	0.286547575839
6	31543344	31546113	4	2	2	0.286547575839
6	31783241	31785723	4	2	2	0.286547575839
6	31795512	31798032	4	2	2	0.286547575839
6	32158543	32163300	4	2	2	0.286547575839
6	32162620	32191844	4	2	2	0.286547575839
6	32407619	32412823	4	2	2	0.286547575839
6	32485120	32498064	4	2	2	0.286547575839
6	32546546	32557625	4	2	2	0.286547575839
6	32595956	32614839	4	2	2	0.286547575839
6	32627244	32636160	4	2	2	0.286547575839
6	32709119	32714992	4	2	2	0.286547575839
6	32723875	32731311	4	2	2	0.286547575839
6	32780540	32788243	4	2	2	0.677533379325
6	32781544	32806599	4	2	2	0.677533379325
6	32789610	32806557	4	2	2	0.677533379325
6	32811913	32827362	4	2	2	0.677533379325
6	32812986	32821755	4	2	2	0.677533379325
6	32902406	32908847	4	2	2	0.677533379325
6	32905141	32920899	4	2	2	0.677533379325
6	32916390	32936871	4	2	2	0.677533379325
6	32971955	32977389	4	2	2	0.677533379325
6	33032346	33048552	4	2	2	0.677533379325
6	33043703	33054978	4	2	2	0.677533379325
6	33286335	33290793	4	2	2	0.677533379325
6	33289163	33297063	4	2	2	0.677533379325
6	34505579	34524110	4	2	2	0.677533379325
6	35310335	35395968	4	2	2	0.677533379325
6	35420133	35434880	4	2	2	0.677533379325
6	36644237	36655116	4	2	2	0.677533379325
6	37137979	37143202	4	2	2	0.677533379325
6	41651716	41703997	4	2	2	0.677533379325
6	41653964	41654127	4	2	2	0.677533379325
6	41902671	42018095	4	2	2	0.677533379325
6	42896930	42907025	4	2	2	0.677533379325
6	43005355	43021683	4	2	2	0.677533379325
6	43008515	43042837	4	2	2	0.677533379325
6	43021767	43027544	4	2	2	0.677533379325
6	43477440	43530156	4	2	2	0.677533379325
6	43490068	43543812	4	2	2	0.677533379325
6	43543887	43583397	4	2	2	0.677533379325
6	43573053	43596899	4	2	2	0.677533379325
6	43737921	43754224	4	2	2	0.677533379325
6	44221833	44225627	4	2	2	0.677533379325
6	44225903	44233525	4	2	2	0.677533379325
6	44355262	44418163	4	2	2	0.677533379325
6	49431091	49460820	4	2	2	0.677533379325
6	49801970	49844809	4	2	2	0.677533379325
6	52991762	53013627	4	2	2	0.677533379325
6	53794780	54131078	4	2	2	0.677533379325
6	55299167	55444012	4	2	2	0.677533379325
6	55618443	55740362	4	2	2	0.677533379325
6	56322785	56819426	4	2	2	0.677533379325
6	57179603	57513375	4	2	2	0.677533379325
6	62389865	62996132	4	2	2	0.677533379325
6	64429876	66417118	4	2	2	0.677533379325
6	69345259	70099403	4	2	2	0.677533379325
6	71377479	71571718	4	2	2	0.677533379325
6	71566382	71666741	4	2	2	0.677533379325
6	78359991	78636745	4	2	2	0.677533379325
6	80194708	80247175	4	2	2	0.677533379325
6	82201156	82462491	4	2	2	0.677533379325
6	83777385	83881069	4	2	2	0.677533379325
6	84262599	84419410	4	2	2	0.677533379325
6	88032301	88109467	4	2	2	0.677533379325
6	88054567	88075181	4	2	2	0.677533379325
6	88849583	88876078	4	2	2	0.677533379325
6	89790470	89794879	3	1	2	0.178148163059
6	91223292	91296764	3	1	2	0.178148163059
6	93949738	94129265	3	1	2	0.178148163059
6	96463860	96663488	3	1	2	0.178148163059
6	97590037	97731093	3	1	2	0.178148163059
6	100367786	100442123	3	1	2	0.178148163059
6	100956070	101329248	3	1	2	0.178148163059
6	101629133	102517958	3	1	2	0.178148163059
6	106493298	106773666	3	1	2	0.178148163059
6	106534195	106557814	3	1	2	0.178148163059
6	107019846	107077362	3	1	2	0.178148163059
6	107473761	107780768	3	1	2	0.178148163059
6	108188960	108279393	3	1	2	0.178148163059
6	108616098	108847999	3	1	2	0.178148163059
6	108881038	109005977	3	1	2	0.178148163059
6	109416313	109485135	3	1	2	0.178148163059
6	114254192	114332472	3	1	2	0.178148163059
6	116575336	116766023	3	1	2	0.178148163059
6	116597741	116601066	3	1	2	0.178148163059
6	116956781	116989957	3	1	2	0.178148163059
6	117609463	117747018	3	1	2	0.178148163059
6	117639374	117894734	3	1	2	0.178148163059
6	118228689	118638839	3	1	2	0.178148163059
6	122793076	123047518	3	1	2	0.178148163059
6	126068810	126082415	3	1	2	0.178148163059
6	126307576	126524963	3	1	2	0.178148163059
6	127439749	127518910	3	1	2	0.178148163059
6	128289924	128841819	3	1	2	0.178148163059
6	129204286	129837714	3	1	2	0.178148163059
6	132129156	132216295	3	1	2	0.178148163059
6	134490384	134639250	3	1	2	0.178148163059
6	135502453	135540311	3	1	2	0.178148163059
6	135604670	135818914	3	1	2	0.178148163059
6	136577765	136610989	3	1	2	0.178148163059
6	137518621	137540586	3	1	2	0.178148163059
6	138188325	138204449	3	1	2	0.178148163059
6	139117063	139225207	3	1	2	0.178148163059
6	144261437	144385736	3	1	2	0.178148163059
6	145703671	146057159	3	1	2	0.178148163059
6	149767931	149806197	3	1	2	0.178148163059
6	149979289	150039392	3	1	2	0.178148163059
6	150070579	150132556	3	1	2	0.178148163059
6	151977826	152450754	3	1	2	0.178148163059
6	152442819	152958936	3	1	2	0.178148163059
6	157097154	157531913	3	1	2	0.178148163059
6	159590429	159693141	3	1	2	0.178148163059
6	160090089	160183561	3	1	2	0.178148163059
6	160146617	160177351	3	1	2	0.178148163059
6	160390131	160534539	3	1	2	0.178148163059
6	161123270	161174347	3	1	2	0.178148163059
6	161768452	163148803	3	1	2	0.178148163059
6	163148164	163736524	3	1	2	0.178148163059
6	163835032	163999628	3	1	2	0.178148163059
6	165740776	166401566	3	1	2	0.178148163059
6	166822852	167319939	3	1	2	0.178148163059
6	166999092	167001082	3	1	2	0.178148163059
6	167412670	167508277	3	1	2	0.178148163059
6	169820064	170102143	3	1	2	0.178148163059
6	169857307	170102163	3	1	2	0.178148163059
6	170863390	170881958	3	1	2	0.178148163059
7	536895	559933	1	0	1	0.276071589355
7	1509913	1544003	1	0	1	0.276071589355
7	2767746	2883958	1	0	1	0.276071589355
7	2945775	3083579	1	0	1	0.276071589355
7	5566778	5603415	1	0	1	0.276071589355
7	6012870	6048756	1	0	1	0.276071589355
7	6048876	6063465	1	0	1	0.276071589355
7	6061875	6098861	1	0	1	0.276071589355
7	6414154	6443608	1	0	1	0.276071589355
7	8473585	8792593	1	0	1	0.276071589355
7	12370511	12443567	1	0	1	0.276071589355
7	13930853	14031050	1	0	1	0.276071589355
7	15239943	15601640	1	0	1	0.276071589355
7	16127152	16460947	1	0	1	0.276071589355
7	19060614	19157295	1	0	1	0.276071589355
7	21582833	21941457	1	0	1	0.276071589355
7	23749786	23872132	1	0	1	0.276071589355
7	27202054	27214799	1	0	1	0.276071589355
7	27203154	27219632	1	0	1	0.276071589355
7	27210210	27219880	1	0	1	0.276071589355
7	27221129	27224842	1	0	1	0.276071589355
7	27233122	27239725	1	0	1	0.276071589355
7	27778950	27884183	1	0	1	0.276071589355
7	27870192	28220362	1	0	1	0.276071589355
7	30634297	30673649	1	0	1	0.276071589355
7	39017598	39532694	1	0	1	0.276071589355
7	40174576	40900362	1	0	1	0.276071589355
7	41706766	41745432	1	0	1	0.276071589355
7	50343664	50472799	1	0	1	0.276071589355
7	51083909	51384515	1	0	1	0.276071589355
7	54819943	54827667	1	0	1	0.276071589355
7	55086714	55279321	1	0	1	0.276071589355
7	63688852	63727309	1	0	1	0.276071589355
7	66452664	66460588	1	0	1	0.276071589355
7	66460160	66704506	1	0	1	0.276071589355
7	76090993	76135312	1	0	1	0.276071589355
7	77423045	77427897	1	0	1	0.276071589355
7	77646374	79082890	1	0	1	0.677533379325
7	80371854	80551675	1	0	1	0.677533379325
7	81328324	81399754	1	0	1	0.677533379325
7	81575760	82073114	1	0	1	0.677533379325
7	82383329	82792246	1	0	1	0.677533379325
7	83585093	84122040	1	0	1	0.677533379325
7	86273230	86494200	1	0	1	0.677533379325
7	87031013	87109751	1	0	1	0.677533379325
7	87132949	87342639	1	0	1	0.677533379325
7	87256864	87461611	1	0	1	0.677533379325
7	87563458	87832204	1	0	1	0.677533379325
7	88388682	88966371	1	0	1	0.677533379325
7	91761088	91875238	1	0	1	0.677533379325
7	92234235	92465908	1	0	1	0.677533379325
7	92728826	92747336	1	0	1	0.677533379325
7	92861653	92990433	1	0	1	0.677533379325
7	93053799	93204042	1	0	1	0.677533379325
7	94989256	95025680	1	0	1	0.677533379325
7	96110938	96339203	1	0	1	0.677533379325
7	96634860	96640351	1	0	1	0.677533379325
7	97481430	97501854	1	0	1	0.677533379325
7	99245817	99277649	1	0	1	0.677533379325
7	99282580	99332819	1	0	1	0.677533379325
7	99282849	99332716	1	0	1	0.677533379325
7	99354583	99381888	1	0	1	0.677533379325
7	99690351	99699563	1	0	1	0.677533379325
7	101006101	101202304	1	0	1	0.677533379325
7	101459184	101927250	1	0	1	0.677533379325
7	103112231	103629963	1	0	1	0.677533379325
7	105172532	105208124	1	0	1	0.677533379325
7	105205567	105241322	1	0	1	0.677533379325
7	105245514	105517050	1	0	1	0.677533379325
7	105730949	105753022	1	0	1	0.677533379325
7	106505723	106547590	1	0	1	0.677533379325
7	106842000	107204959	1	0	1	0.677533379325
7	107405912	107443670	1	0	1	0.677533379325
7	110303107	111202573	1	0	1	0.677533379325
7	115575202	115799950	1	0	1	0.677533379325
7	115927434	116148595	1	0	1	0.677533379325
7	116312444	116438440	1	0	1	0.677533379325
7	116915505	116963343	1	0	1	0.677533379325
7	117105838	117356025	1	0	1	0.677533379325
7	117350705	117514193	1	0	1	0.677533379325
7	117854723	118136225	1	0	1	0.677533379325
7	119913722	120390385	1	0	1	0.677533379325
7	120965421	120981158	1	0	1	0.677533379325
7	121958479	122526813	1	0	1	0.677533379325
7	124462440	124570037	1	0	1	0.677533379325
7	126078652	126893348	1	0	1	0.677533379325
7	127292234	127732661	1	0	1	0.677533379325
7	128577666	128590089	1	0	1	0.677533379325
7	128766572	128770847	1	0	1	0.677533379325
7	128828713	128853386	1	0	1	0.677533379325
7	131808091	132333447	1	0	1	0.677533379325
7	132469629	132766848	1	0	1	0.677533379325
7	135046547	135194875	1	0	1	0.677533379325
7	138279030	138386097	1	0	1	0.677533379325
7	139137436	139168458	1	0	1	0.677533379325
7	140152840	140179369	1	0	1	0.677533379325
7	140419127	140624728	1	0	1	0.677533379325
7	142457319	142460927	1	0	1	0.677533379325
7	142638201	142659768	1	0	1	0.677533379325
7	143651937	143694405	1	0	1	0.677533379325
7	144149034	144533488	1	0	1	0.677533379325
7	145813094	148118090	1	0	1	0.677533379325
7	148395006	148498128	1	0	1	0.677533379325
7	148504475	148581413	1	0	1	0.677533379325
7	150065278	150071133	1	0	1	0.677533379325
7	150065879	150094003	1	0	1	0.677533379325
7	151163098	151217206	1	0	1	0.677533379325
7	151253197	151574210	1	0	1	0.677533379325
7	151832007	152133090	1	0	1	0.677533379325
7	152341864	152373250	1	0	1	0.677533379325
7	155592680	155604967	1	0	1	0.677533379325
7	156786745	156803345	1	0	1	0.677533379325
7	158820866	158937649	1	0	1	0.677533379325
8	182137	214703	5	2	3	0.253204068595
8	2792875	4852494	5	2	3	0.253204068595
8	11534468	11617511	5	2	3	0.253204068595
8	11700033	11726957	5	2	3	0.253204068595
8	13947373	15095848	5	2	3	0.253204068595
8	15274724	15624158	5	2	3	0.253204068595
8	16849678	16859690	5	2	3	0.253204068595
8	17913501	17942507	5	2	3	0.253204068595
8	18027986	18081198	5	2	3	0.253204068595
8	18248755	18258728	5	2	3	0.253204068595
8	18384811	18942240	5	2	3	0.253204068595
8	21547915	21669869	5	2	3	0.253204068595
8	21899909	21906320	5	2	3	0.253204068595
8	23536206	23540440	5	2	3	0.253204068595
8	23559964	23564111	5	2	3	0.253204068595
8	23699428	23712320	5	2	3	0.253204068595
8	24298443	24384483	5	2	3	0.253204068595
8	26149007	26230196	5	2	3	0.253204068595
8	26240414	26363152	5	2	3	0.253204068595
8	29920528	29940724	5	2	3	0.253204068595
8	30891317	31031285	5	2	3	0.253204068595
8	31496902	32625477	5	2	3	0.253204068595
8	33330904	33371119	5	2	3	0.253204068595
8	33342268	33358778	5	2	3	0.253204068595
8	38034051	38070819	5	2	3	0.253204068595
8	38257733	38326352	5	2	3	0.253204068595
8	38831683	38846181	5	2	3	0.253204068595
8	38854388	38962663	5	2	3	0.253204068595
8	39759794	39785963	5	2	3	0.253204068595
8	41119477	41167016	5	2	3	0.253204068595
8	41786997	41909544	5	2	3	0.253204068595
8	42195972	42229326	5	2	3	0.253204068595
8	42552519	42592550	5	2	3	0.253204068595
8	42607763	42651535	5	2	3	0.253204068595
8	48173167	48648868	5	2	3	0.253204068595
8	48649471	48651648	5	2	3	0.253204068595
8	48685669	48872743	5	2	3	0.253204068595
8	48872745	48890720	5	2	3	0.253204068595
8	50822349	51709251	5	2	3	0.253204068595
8	52232138	52722005	5	2	3	0.253204068595
8	52730135	52811746	5	2	3	0.253204068595
8	54764368	54871863	5	2	3	0.253204068595
8	55370495	55373448	5	2	3	0.253204068595
8	56792372	56926727	5	2	3	0.253204068595
8	57073463	57123883	5	2	3	0.253204068595
8	58907068	59116838	5	2	3	0.253204068595
8	59323823	59364060	5	2	3	0.253204068595
8	61591337	61780587	5	2	3	0.253204068595
8	61969717	62414204	5	2	3	0.253204068595
8	67474410	67526482	5	2	3	0.253204068595
8	67974661	68108498	5	2	3	0.253204068595
8	68085746	68255912	5	2	3	0.253204068595
8	68334273	68658620	5	2	3	0.253204068595
8	68864353	69149265	5	2	3	0.253204068595
8	69242957	69731257	5	2	3	0.253204068595
8	70963886	70983928	5	2	3	0.253204068595
8	71581600	71702606	5	2	3	0.253204068595
8	74851404	74884522	5	2	3	0.253204068595
8	74884672	74895018	5	2	3	0.253204068595
8	75896750	75946793	5	2	3	0.253204068595
8	79578282	79632000	5	2	3	0.253204068595
8	79587978	79717758	5	2	3	0.253204068595
8	81540686	81787016	5	2	3	0.253204068595
8	82570196	82598928	5	2	3	0.253204068595
8	85095022	85834079	5	2	3	0.253204068595
8	87878670	88627447	5	2	3	0.253204068595
8	90945564	91015456	5	2	3	0.253204068595
8	91634223	91803860	5	2	3	0.253204068595
8	92967195	93115514	5	2	3	0.253204068595
8	95384188	95487337	5	2	3	0.253204068595
8	95384398	95449180	5	2	3	0.253204068595
8	99383456	99955055	5	2	3	0.253204068595
8	100025494	100889808	5	2	3	0.253204068595
8	100885428	100906290	5	2	3	0.253204068595
8	101698044	101735037	5	2	3	0.253204068595
8	101928753	101965616	5	2	3	0.253204068595
8	103265240	103425069	5	2	3	0.253204068595
8	104512976	105268322	5	2	3	0.253204068595
8	105501459	105601252	5	2	3	0.253204068595
8	108911544	109095876	5	2	3	0.253204068595
8	110374706	110542559	5	2	3	0.253204068595
8	113235157	114449328	5	2	3	0.253204068595
8	117778742	117861702	5	2	3	0.253204068595
8	117858174	117887105	5	2	3	0.253204068595
8	124332090	124428590	5	2	3	0.253204068595
8	125486979	125500155	5	2	3	0.253204068595
8	125551342	125592889	5	2	3	0.253204068595
8	126442563	126450647	5	2	3	0.253204068595
8	128334428	128432311	5	2	3	0.253204068595
8	128747680	128753680	5	2	3	0.253204068595
8	134203282	134243933	5	2	3	0.253204068595
8	144661867	144681711	5	2	3	0.253204068595
8	145736671	145743229	5	2	3	0.253204068595
8	145754563	145831201	5	2	3	0.253204068595
9	212824	215893	3	1	2	0.178148163059
9	214854	465259	3	1	2	0.178148163059
9	1980290	2193624	3	1	2	0.178148163059
9	3218297	3526004	3	1	2	0.178148163059
9	4984390	5128183	3	1	2	0.178148163059
9	5077163	5084580	3	1	2	0.178148163059
9	5123880	5185668	3	1	2	0.178148163059
9	5450503	5470566	3	1	2	0.178148163059
9	5510570	5571254	3	1	2	0.178148163059
9	8314246	10612723	3	1	2	0.178148163059
9	15553084	16061661	3	1	2	0.178148163059
9	17906561	18910948	3	1	2	0.178148163059
9	18858904	19049356	3	1	2	0.178148163059
9	19409057	19452018	3	1	2	0.178148163059
9	20341663	20622542	3	1	2	0.178148163059
9	20658308	20995954	3	1	2	0.178148163059
9	21802542	21937650	3	1	2	0.178148163059
9	21802635	22032985	3	1	2	0.178148163059
9	21967752	21995300	3	1	2	0.178148163059
9	22002902	22009362	3	1	2	0.178148163059
9	26947037	27062928	3	1	2	0.178148163059
9	32629452	32635667	3	1	2	0.178148163059
9	33750464	33799229	3	1	2	0.178148163059
9	35073832	35080013	3	1	2	0.178148163059
9	36833272	37034182	3	1	2	0.178148163059
9	37422663	37436987	3	1	2	0.178148163059
9	37438111	37465396	3	1	2	0.178148163059
9	37588410	38068684	3	1	2	0.178148163059
9	37879397	37904350	3	1	2	0.178148163059
9	37919131	38069208	3	1	2	0.178148163059
9	38408991	38424444	3	1	2	0.178148163059
9	70943224	71145977	3	1	2	0.178148163059
9	71736180	71889531	3	1	2	0.178148163059
9	73143979	74061820	3	1	2	0.178148163059
9	80331003	80646374	3	1	2	0.178148163059
9	86274878	86323118	3	1	2	0.178148163059
9	86582998	86595531	3	1	2	0.178148163059
9	87283466	87641985	3	1	2	0.178148163059
9	90340434	90346308	5	2	3	0.253204068595
9	90581356	90589668	5	2	3	0.253204068595
9	91926113	91931618	5	2	3	0.253204068595
9	93564069	93660831	5	2	3	0.253204068595
9	95087766	95382815	5	2	3	0.253204068595
9	95947198	96082854	5	2	3	0.253204068595
9	96080481	96108696	5	2	3	0.253204068595
9	97861336	98189078	5	2	3	0.253204068595
9	98205262	98279339	5	2	3	0.253204068595
9	99401859	99417585	5	2	3	0.253204068595
9	100437191	100459639	5	2	3	0.253204068595
9	100689073	100707138	5	2	3	0.253204068595
9	101050364	101471479	5	2	3	0.253204068595
9	101569981	101612363	5	2	3	0.253204068595
9	101866320	101916474	5	2	3	0.253204068595
9	102668915	102732623	5	2	3	0.253204068595
9	103790991	104087417	5	2	3	0.253204068595
9	104331635	104500862	5	2	3	0.253204068595
9	108424738	108425393	5	2	3	0.253204068595
9	110045418	110094475	5	2	3	0.253204068595
9	110247133	110252763	5	2	3	0.253204068595
9	114659046	114697649	6	3	3	0.524899728131
9	116148597	116163613	6	3	3	0.524899728131
9	119187504	120177348	6	3	3	0.524899728131
9	120466435	120639756	6	3	3	0.524899728131
9	120466453	120487008	6	3	3	0.524899728131
9	123151147	123342448	6	3	3	0.524899728131
9	124906337	124922098	6	3	3	0.524899728131
9	126141933	126692431	6	3	3	0.524899728131
9	127115745	127177723	6	3	3	0.524899728131
9	127908852	127952218	6	3	3	0.524899728131
9	129567285	129600489	6	3	3	0.524899728131
9	130547958	130553066	6	3	3	0.524899728131
9	130577291	130617035	6	3	3	0.524899728131
9	130928343	130966662	6	3	3	0.524899728131
9	130953934	131017527	6	3	3	0.524899728131
9	131174030	131199630	6	3	3	0.524899728131
9	131873229	131911225	6	3	3	0.524899728131
9	132371163	132398410	6	3	3	0.524899728131
9	132427920	132484953	6	3	3	0.524899728131
9	133539981	133558368	6	3	3	0.524899728131
9	133589333	133763062	6	3	3	0.524899728131
9	135766735	135822261	6	3	3	0.524899728131
9	137208944	137332431	6	3	3	0.524899728131
9	139388885	139440238	6	3	3	0.524899728131
10	180405	300577	3	1	2	0.677533379325
10	3818188	3827473	3	1	2	0.677533379325
10	5196335	5227150	3	1	2	0.677533379325
10	6052652	6104333	3	1	2	0.677533379325
10	6469105	6622263	3	1	2	0.677533379325
10	8087341	8117166	3	1	2	0.677533379325
10	12938625	13141652	3	1	2	0.677533379325
10	13141449	13180308	3	1	2	0.677533379325
10	14920819	14946314	3	1	2	0.677533379325
10	14939358	14996431	3	1	2	0.677533379325
10	16632610	16859527	3	1	2	0.677533379325
10	17631031	17659376	3	1	2	0.677533379325
10	18834490	18948214	3	1	2	0.677533379325
10	21813604	22032559	3	1	2	0.677533379325
10	22045466	22292698	3	1	2	0.677533379325
10	23983675	24836777	3	1	2	0.677533379325
10	25270908	25351208	3	1	2	0.677533379325
10	25463731	25891155	3	1	2	0.677533379325
10	27035522	27150016	3	1	2	0.677533379325
10	29746267	30025710	3	1	2	0.677533379325
10	31607424	31818742	3	1	2	0.677533379325
10	32556679	32667726	3	1	2	0.677533379325
10	32735068	33171802	3	1	2	0.677533379325
10	38383296	38649026	3	1	2	0.677533379325
10	43572475	43625799	3	1	2	0.677533379325
10	50663414	50747584	3	1	2	0.677533379325
10	52750651	54058110	3	1	2	0.677533379325
10	55562531	57387702	3	1	2	0.677533379325
10	61548521	61666414	3	1	2	0.677533379325
10	62538089	62554610	3	1	2	0.677533379325
10	63661059	63856703	3	1	2	0.677533379325
10	64926981	65281610	3	1	2	0.677533379325
10	67672276	69455927	3	1	2	0.677533379325
10	71029740	71161640	3	1	2	0.677533379325
10	72357104	72362531	3	1	2	0.677533379325
10	73156691	73575704	3	1	2	0.677533379325
10	73507316	73533255	3	1	2	0.677533379325
10	74451889	74647452	3	1	2	0.677533379325
10	74653339	74692791	3	1	2	0.677533379325
10	75013517	75118617	3	1	2	0.677533379325
10	75134859	75173834	3	1	2	0.677533379325
10	77191211	78319925	3	1	2	0.677533379325
10	78629359	79398127	3	1	2	0.677533379325
10	81272357	81276196	3	1	2	0.677533379325
10	81910645	81965328	3	1	2	0.677533379325
10	83635070	84746935	3	1	2	0.677533379325
10	88516358	88692595	3	1	2	0.677533379325
10	89618918	89623194	3	1	2	0.677533379325
10	89622870	89731687	3	1	2	0.677533379325
10	90033621	90344287	3	1	2	0.677533379325
10	90639491	90734910	3	1	2	0.677533379325
10	90694831	90751096	3	1	2	0.677533379325
10	90750339	90775542	3	1	2	0.677533379325
10	90973326	91174314	3	1	2	0.677533379325
10	91043451	91069033	3	1	2	0.677533379325
10	91087651	91100728	3	1	2	0.677533379325
10	91137813	91144962	3	1	2	0.677533379325
10	91152303	91166243	3	1	2	0.677533379325
10	93806449	94050844	3	1	2	0.677533379325
10	95256389	95288849	3	1	2	0.677533379325
10	96162261	96295687	3	1	2	0.677533379325
10	96261191	96373662	3	1	2	0.677533379325
10	96447911	96612830	3	1	2	0.677533379325
10	96522438	96612962	3	1	2	0.677533379325
10	97620305	97684601	3	1	2	0.677533379325
10	97889472	97965044	3	1	2	0.677533379325
10	98277866	98347209	3	1	2	0.677533379325
10	100216834	100995619	3	1	2	0.677533379325
10	101292690	101296281	3	1	2	0.677533379325
10	102106881	102124591	3	1	2	0.677533379325
10	102222798	102243501	3	1	2	0.677533379325
10	102288829	102319755	3	1	2	0.677533379325
10	102890262	102897546	3	1	2	0.677533379325
10	103370421	103455052	3	1	2	0.677533379325
10	103529887	103540126	3	1	2	0.677533379325
10	104263744	104393292	3	1	2	0.677533379325
10	104678050	104849978	3	1	2	0.677533379325
10	104847774	104953063	3	1	2	0.677533379325
10	106400859	107024993	3	1	2	0.677533379325
10	112327449	112364394	3	1	2	0.677533379325
10	114710009	114927437	3	1	2	0.677533379325
10	115880621	115933991	3	1	2	0.677533379325
10	115999089	116051272	3	1	2	0.677533379325
10	116853124	117708503	3	1	2	0.677533379325
10	118430703	118609747	3	1	2	0.677533379325
10	118640993	118886097	3	1	2	0.677533379325
10	120793182	120840335	3	1	2	0.677533379325
10	121331314	121356541	3	1	2	0.677533379325
10	123237848	123357972	3	1	2	0.677533379325
10	124134212	124202118	3	1	2	0.677533379325
10	124913793	124929983	3	1	2	0.677533379325
10	129894923	129924649	3	1	2	0.677533379325
10	131265448	131566271	3	1	2	0.677533379325
10	131308884	131309525	3	1	2	0.677533379325
10	131934663	131982785	3	1	2	0.677533379325
10	135175984	135187193	3	1	2	0.677533379325
10	135267432	135337062	3	1	2	0.677533379325
11	167784	207428	4	2	2	0.205391662457
11	193035	194575	4	2	2	0.205391662457
11	193080	194573	4	2	2	0.205391662457
11	196738	200261	4	2	2	0.205391662457
11	207511	215113	4	2	2	0.205391662457
11	215458	236931	4	2	2	0.205391662457
11	532242	537287	4	2	2	0.205391662457
11	2150342	2179888	4	2	2	0.205391662457
11	2153768	2182439	4	2	2	0.205391662457
11	2289725	2292182	4	2	2	0.205391662457
11	2397407	2418649	4	2	2	0.205391662457
11	2904443	2907003	4	2	2	0.205391662457
11	2909010	2924970	4	2	2	0.205391662457
11	3686817	3692614	4	2	2	0.205391662457
11	3692313	3819022	4	2	2	0.205391662457
11	4115937	4160106	4	2	2	0.205391662457
11	5275622	5699664	4	2	2	0.205391662457
11	5684787	5959849	4	2	2	0.205391662457
11	5797395	5804585	4	2	2	0.205391662457
11	6633994	6640716	4	2	2	0.205391662457
11	7110258	7112131	4	2	2	0.205391662457
11	8245851	8290263	4	2	2	0.205391662457
11	8703958	8736306	4	2	2	0.205391662457
11	8968841	8986558	4	2	2	0.205391662457
11	9595228	9615004	4	2	2	0.205391662457
11	9800214	10315754	4	2	2	0.205391662457
11	14926543	15103888	4	2	2	0.205391662457
11	15987995	16761138	4	2	2	0.205391662457
11	17414045	17498426	4	2	2	0.205391662457
11	18415935	18429972	4	2	2	0.205391662457
11	20691097	21597227	4	2	2	0.205391662457
11	21821480	22304903	4	2	2	0.205391662457
11	22644436	22647387	4	2	2	0.205391662457
11	22647055	22834601	4	2	2	0.205391662457
11	24518516	25104177	4	2	2	0.205391662457
11	26331146	26684835	4	2	2	0.205391662457
11	26580580	26593780	4	2	2	0.205391662457
11	27676440	27743605	4	2	2	0.205391662457
11	28129795	28548588	4	2	2	0.205391662457
11	32409321	32457176	4	2	2	0.205391662457
11	33880122	33913836	4	2	2	0.205391662457
11	34937376	35042138	4	2	2	0.205391662457
11	36532259	36614706	4	2	2	0.205391662457
11	36597124	36619829	4	2	2	0.205391662457
11	40135753	41481323	4	2	2	0.205391662457
11	43380482	43516483	4	2	2	0.205391662457
11	45117357	45256661	4	2	2	0.205391662457
11	47236016	47260791	4	2	2	0.205391662457
11	47376411	47400127	4	2	2	0.205391662457
11	48002110	48192393	4	2	2	0.205391662457
11	56113421	56114507	4	2	2	0.205391662457
11	56127691	56128764	4	2	2	0.205391662457
11	56143100	56144029	4	2	2	0.205391662457
11	57001051	57004788	4	2	2	0.205391662457
11	58672871	58811000	4	2	2	0.205391662457
11	60223225	60238233	4	2	2	0.205391662457
11	60658202	60674060	4	2	2	0.205391662457
11	61170113	61197503	4	2	2	0.205391662457
11	61196692	61253294	4	2	2	0.205391662457
11	61197514	61215001	4	2	2	0.205391662457
11	61535973	61560274	4	2	2	0.205391662457
11	61560109	61564716	4	2	2	0.205391662457
11	61560452	61634826	4	2	2	0.205391662457
11	61567097	61596790	4	2	2	0.205391662457
11	62327073	62341558	4	2	2	0.205391662457
11	62327075	62359003	4	2	2	0.205391662457
11	63137261	63177766	4	2	2	0.205391662457
11	63766030	63933578	4	2	2	0.205391662457
11	63870660	63886645	4	2	2	0.205391662457
11	64002010	64006265	9	2	7	0.677533379325
11	64570982	64578766	9	2	7	0.677533379325
11	64781585	64789656	9	2	7	0.677533379325
11	64781654	64808042	9	2	7	0.677533379325
11	65590493	65629497	9	2	7	0.677533379325
11	65601112	65624367	9	2	7	0.677533379325
11	65659520	65668044	9	2	7	0.677533379325
11	66384053	66394818	9	2	7	0.677533379325
11	66384097	66413940	9	2	7	0.677533379325
11	67085342	67165881	9	2	7	0.677533379325
11	67250512	67258574	9	2	7	0.677533379325
11	67351066	67354127	9	2	7	0.677533379325
11	69455855	69469242	9	2	7	0.677533379325
11	69467844	69490184	9	2	7	0.677533379325
11	69513000	69519410	9	2	7	0.677533379325
11	69585784	69590171	9	2	7	0.677533379325
11	69624737	69633792	9	2	7	0.677533379325
11	70049269	70053496	9	2	7	0.677533379325
11	70244510	70282690	9	2	7	0.677533379325
11	71576555	71639700	9	2	7	0.677533379325
11	71934745	71950149	9	2	7	0.677533379325
11	71950121	71956708	9	2	7	0.677533379325
11	75897369	75921780	9	2	7	0.677533379325
11	76155967	76264069	2	0	2	0.192073278534
11	77032752	77185680	2	0	2	0.192073278534
11	77371041	77532063	2	0	2	0.192073278534
11	77728017	77790911	2	0	2	0.192073278534
11	77779350	77791265	2	0	2	0.192073278534
11	82904781	82971736	2	0	2	0.192073278534
11	83166055	85338966	2	0	2	0.192073278534
11	85405267	85522202	2	0	2	0.192073278534
11	88237744	88799113	2	0	2	0.192073278534
11	89057524	89231355	2	0	2	0.192073278534
11	93063137	93171653	2	0	2	0.192073278534
11	93211638	93276674	1	0	1	0.677533379325
11	94148744	94227074	1	0	1	0.677533379325
11	94695787	94706776	1	0	1	0.677533379325
11	94706845	94732682	1	0	1	0.677533379325
11	94800361	94804387	1	0	1	0.677533379325
11	95523129	95565857	1	0	1	0.677533379325
11	95709762	96076344	1	0	1	0.677533379325
11	98891683	100229616	1	0	1	0.677533379325
11	102188181	102210134	1	0	1	0.677533379325
11	102980139	103350591	1	0	1	0.677533379325
11	103777914	104035107	1	0	1	0.677533379325
11	104864962	104893895	1	0	1	0.677533379325
11	105008448	105402424	1	0	1	0.677533379325
11	106544738	106889250	1	0	1	0.677533379325
11	107197071	107328570	1	0	1	0.677533379325
11	108093211	108239829	1	0	1	0.677533379325
11	108179246	108338258	1	0	1	0.677533379325
11	108376158	108464465	1	0	1	0.677533379325
11	109735021	110167447	1	0	1	0.677533379325
11	111222977	111326355	1	0	1	0.677533379325
11	111944810	111955874	1	0	1	0.677533379325
11	111955524	111957522	1	0	1	0.677533379325
11	111957497	111990736	1	0	1	0.677533379325
11	111957627	112064528	1	0	1	0.677533379325
11	112831969	113149158	1	0	1	0.677533379325
11	113930315	114121398	1	0	1	0.677533379325
11	115039938	115375675	1	0	1	0.677533379325
11	116706467	116708666	1	0	1	0.677533379325
11	117857063	117873752	1	0	1	0.677533379325
11	118272317	118353452	1	0	1	0.677533379325
11	118307179	118397547	1	0	1	0.677533379325
11	118415243	118443685	1	0	1	0.677533379325
11	119076986	119184636	1	0	1	0.677533379325
11	122928197	122933938	1	0	1	0.677533379325
11	125312777	125462463	1	0	1	0.677533379325
11	125495031	125546150	1	0	1	0.677533379325
11	125753509	125770543	1	0	1	0.677533379325
11	125763380	125773116	1	0	1	0.677533379325
11	126132814	126139039	1	0	1	0.677533379325
11	128328656	128457453	1	0	1	0.677533379325
11	128761251	128790930	1	0	1	0.677533379325
11	128834955	129149219	1	0	1	0.677533379325
12	175931	287626	5	2	3	0.253204068595
12	389295	498620	5	2	3	0.253204068595
12	498439	551811	5	2	3	0.253204068595
12	861759	1020618	5	2	3	0.253204068595
12	1099675	1605099	5	2	3	0.253204068595
12	1639057	1756409	5	2	3	0.253204068595
12	4382928	4514656	5	2	3	0.253204068595
12	4382938	4414516	5	2	3	0.253204068595
12	4416929	4463759	5	2	3	0.253204068595
12	4477393	4488894	5	2	3	0.253204068595
12	4537321	4554780	5	2	3	0.253204068595
12	5541278	5630702	5	2	3	0.253204068595
12	6643093	6647540	5	2	3	0.253204068595
12	6666052	6716533	5	2	3	0.253204068595
12	6679248	6723690	5	2	3	0.253204068595
12	6881678	6887621	5	2	3	0.253204068595
12	9817565	9852151	5	2	3	0.253204068595
12	10138241	10166023	5	2	3	0.253204068595
12	10163226	10171218	5	2	3	0.253204068595
12	10658201	10675734	5	2	3	0.253204068595
12	10977559	11324207	5	2	3	0.253204068595
12	10998448	11324199	5	2	3	0.253204068595
12	11090005	11324172	5	2	3	0.253204068595
12	11544474	11653975	5	2	3	0.253204068595
12	11802788	12048336	5	2	3	0.253204068595
12	12764761	12798042	5	2	3	0.253204068595
12	12867992	12875305	5	2	3	0.253204068595
12	13349650	13372873	5	2	3	0.253204068595
12	21200113	21329829	5	2	3	0.253204068595
12	21689137	21810732	5	2	3	0.253204068595
12	21788276	21910791	5	2	3	0.253204068595
12	23682434	24715478	5	2	3	0.253204068595
12	25348150	25362579	5	2	3	0.253204068595
12	25357723	25403870	5	2	3	0.253204068595
12	25381515	25390840	5	2	3	0.253204068595
12	26489448	26986131	5	2	3	0.253204068595
12	27175479	27219276	5	2	3	0.253204068595
12	28286182	28734444	5	2	3	0.253204068595
12	29302036	29493913	5	2	3	0.253204068595
12	31433518	31479992	5	2	3	0.253204068595
12	32259769	32536567	5	2	3	0.253204068595
12	32943679	33049774	5	2	3	0.253204068595
12	39040624	39301232	5	2	3	0.253204068595
12	42632249	42853517	5	2	3	0.253204068595
12	44229770	44783545	5	2	3	0.253204068595
12	46123448	46301823	5	2	3	0.253204068595
12	49297286	49351148	5	2	3	0.253204068595
12	49329506	49351334	5	2	3	0.253204068595
12	49359123	49365546	5	2	3	0.253204068595
12	49412758	49453557	5	2	3	0.253204068595
12	49480439	49488602	5	2	3	0.253204068595
12	50101508	50158717	5	2	3	0.253204068595
12	51580719	51611492	5	2	3	0.253204068595
12	52345451	52390862	5	2	3	0.253204068595
12	53894705	53900215	5	2	3	0.253204068595
12	54332549	54340328	5	2	3	0.253204068595
12	54366910	54371427	5	2	3	0.253204068595
12	54379629	54428672	5	2	3	0.253204068595
12	54384408	54424607	5	2	3	0.253204068595
12	54402890	54406146	5	2	3	0.253204068595
12	54624724	54673917	5	2	3	0.253204068595
12	55038375	55042277	5	2	3	0.253204068595
12	56470583	56497289	5	2	3	0.253204068595
12	56495115	56503073	5	2	3	0.253204068595
12	57106212	57125412	5	2	3	0.253204068595
12	57489191	57525922	5	2	3	0.253204068595
12	57853918	57866045	5	2	3	0.253204068595
12	57866038	57882597	5	2	3	0.253204068595
12	57910371	57915520	5	2	3	0.253204068595
12	57911495	57914263	5	2	3	0.253204068595
12	57914493	57923931	5	2	3	0.253204068595
12	58087738	58115340	5	2	3	0.253204068595
12	58131796	58143994	5	2	3	0.253204068595
12	58141510	58149796	5	2	3	0.253204068595
12	59989848	60183636	5	2	3	0.253204068595
12	63952693	64062719	5	2	3	0.253204068595
12	64798130	64844907	5	2	3	0.253204068595
12	66217911	66360075	5	2	3	0.253204068595
12	68042118	68059186	5	2	3	0.253204068595
12	69201956	69244466	5	2	3	0.253204068595
12	69235977	69365350	5	2	3	0.253204068595
12	69753483	69784576	5	2	3	0.253204068595
12	69864129	69973569	5	2	3	0.253204068595
12	69979114	69995350	5	2	3	0.253204068595
12	70195449	70249143	5	2	3	0.253204068595
12	70219084	70352877	5	2	3	0.253204068595
12	71031853	71314623	5	2	3	0.253204068595
12	72481046	73064537	5	2	3	0.253204068595
12	75669759	75784708	5	2	3	0.253204068595
12	75784850	75826468	5	2	3	0.253204068595
12	77718421	78606788	5	2	3	0.253204068595
12	79257773	79845788	5	2	3	0.253204068595
12	82617460	82752584	5	2	3	0.253204068595
12	85253267	85307394	5	2	3	0.253204068595
12	86349445	87232681	5	2	3	0.253204068595
12	88373812	88427814	5	2	3	0.253204068595
12	92534054	92539673	5	2	3	0.253204068595
12	96588160	96663613	5	2	3	0.253204068595
12	99007183	99038891	5	2	3	0.253204068595
12	99120235	100378432	5	2	3	0.253204068595
12	101869199	101880775	5	2	3	0.253204068595
12	102513963	102591298	5	2	3	0.253204068595
12	102789652	102875522	5	2	3	0.253204068595
12	103230663	103352188	5	2	3	0.253204068595
12	103351464	103354294	5	2	3	0.253204068595
12	106631655	106698057	5	2	3	0.253204068595
12	108168162	108170421	5	2	3	0.253204068595
12	108956358	108963160	5	2	3	0.253204068595
12	111471828	111788358	5	2	3	0.253204068595
12	111843752	111889427	5	2	3	0.253204068595
12	111881289	112037480	5	2	3	0.253204068595
12	112856155	112947717	5	2	3	0.253204068595
12	115108059	115121969	5	2	3	0.253204068595
12	118587606	118810750	5	2	3	0.253204068595
12	121416346	121440315	5	2	3	0.253204068595
12	121438289	121454305	5	2	3	0.253204068595
12	122457328	122499950	5	2	3	0.253204068595
12	123636867	123728561	5	2	3	0.253204068595
12	123717463	123742506	5	2	3	0.253204068595
12	123868320	123893905	5	2	3	0.253204068595
12	124808961	125052135	5	2	3	0.253204068595
12	125396150	125401914	5	2	3	0.253204068595
12	130880682	131200826	5	2	3	0.253204068595
12	132379196	132407712	5	2	3	0.253204068595
12	132434465	132565647	5	2	3	0.253204068595
12	133200339	133263951	5	2	3	0.253204068595
12	133302089	133338474	5	2	3	0.253204068595
13	21547171	21635686	2	0	2	0.28550797185
13	21714653	21723223	2	0	2	0.28550797185
13	22245522	22278637	2	0	2	0.28550797185
13	25670006	25673392	2	0	2	0.28550797185
13	26828241	26979375	2	0	2	0.28550797185
13	27640279	27746033	2	0	2	0.28550797185
13	28194879	28318374	2	0	2	0.28550797185
13	28536274	28545276	2	0	2	0.28550797185
13	28577411	28674729	2	0	2	0.28550797185
13	28874481	29069282	2	0	2	0.28550797185
13	30776767	30881621	2	0	2	0.28550797185
13	31709111	31736525	2	0	2	0.28550797185
13	32889611	32974403	2	0	2	0.28550797185
13	35516424	36247159	2	0	2	0.28550797185
13	36048319	36051346	2	0	2	0.28550797185
13	37418968	37494902	2	0	2	0.28550797185
13	41044090	41240734	2	0	2	0.28550797185
13	42614172	42830714	2	0	2	0.28550797185
13	43597339	43688360	2	0	2	0.28550797185
13	45513384	45563618	2	0	2	0.28550797185
13	47345391	47371367	2	0	2	0.28550797185
13	47405685	47471211	2	0	2	0.28550797185
13	48319871	48612104	2	0	2	0.28550797185
13	48611703	48621358	2	0	2	0.28550797185
13	48877862	49173572	2	0	2	0.28550797185
13	48963703	49018840	2	0	2	0.28550797185
13	49227847	49285362	2	0	2	0.28550797185
13	52504572	52586261	2	0	2	0.28550797185
13	58205944	58303445	2	0	2	0.28550797185
13	72012098	72441330	2	0	2	0.28550797185
13	73326307	73356234	2	0	2	0.28550797185
13	73356197	73590599	2	0	2	0.28550797185
13	73629114	73651680	2	0	2	0.28550797185
13	93879095	95059655	2	0	2	0.28550797185
13	95361876	95364653	2	0	2	0.28550797185
13	96085858	96232013	2	0	2	0.28550797185
13	102363154	103054807	2	0	2	0.28550797185
13	103451460	103528344	2	0	2	0.28550797185
13	103459496	103528351	2	0	2	0.28550797185
13	107815858	108519083	2	0	2	0.28550797185
13	110405045	110438915	2	0	2	0.28550797185
13	111293759	111365950	2	0	2	0.28550797185
13	111365083	111375686	2	0	2	0.28550797185
13	112721961	112724802	2	0	2	0.28550797185
13	113862507	113921422	2	0	2	0.28550797185
13	114110134	114145267	2	0	2	0.28550797185
13	114239036	114295785	2	0	2	0.28550797185
13	115047059	115071292	2	0	2	0.28550797185
13	115079810	115103101	2	0	2	0.28550797185
14	20833826	20881588	5	2	3	0.483086657998
14	20914570	20923264	5	2	3	0.483086657998
14	20923350	20925931	5	2	3	0.483086657998
14	21944756	21967319	5	2	3	0.483086657998
14	23415479	23451467	5	2	3	0.483086657998
14	23440383	23451851	5	2	3	0.483086657998
14	23586513	23588825	5	2	3	0.483086657998
14	23767999	23780968	5	2	3	0.483086657998
14	23776044	23794578	5	2	3	0.483086657998
14	24612571	24616779	5	2	3	0.483086657998
14	24615892	24629870	5	2	3	0.483086657998
14	29229536	29239483	5	2	3	0.483086657998
14	35591052	35746820	5	2	3	0.483086657998
14	35591755	35786680	5	2	3	0.483086657998
14	35870717	35873955	5	2	3	0.483086657998
14	36295524	36401531	5	2	3	0.483086657998
14	36985597	36990354	5	2	3	0.483086657998
14	37049784	37051812	5	2	3	0.483086657998
14	37126773	37148920	5	2	3	0.483086657998
14	38059189	38065264	5	2	3	0.483086657998
14	38065052	38510647	5	2	3	0.483086657998
14	39699435	39857717	5	2	3	0.483086657998
14	45605143	45670093	5	2	3	0.483086657998
14	45672393	45722743	5	2	3	0.483086657998
14	47309295	48144157	5	2	3	0.483086657998
14	50704281	50779266	5	2	3	0.483086657998
14	50779044	50802276	5	2	3	0.483086657998
14	51098776	51135049	5	2	3	0.483086657998
14	51955818	52197445	5	2	3	0.483086657998
14	53503463	53620000	5	2	3	0.483086657998
14	58466453	58764857	5	2	3	0.483086657998
14	60062694	60337684	5	2	3	0.483086657998
14	61447832	61550451	5	2	3	0.483086657998
14	61654277	62017694	5	2	3	0.483086657998
14	62162231	62214977	5	2	3	0.483086657998
14	63166172	63568755	5	2	3	0.483086657998
14	64970430	65000408	5	2	3	0.483086657998
14	65381079	65411309	5	2	3	0.483086657998
14	65381203	65528521	5	2	3	0.483086657998
14	65453438	65529370	5	2	3	0.483086657998
14	65472892	65569413	5	2	3	0.483086657998
14	65877310	66210839	5	2	3	0.483086657998
14	66974125	67648520	5	2	3	0.483086657998
14	68086515	68118437	5	2	3	0.483086657998
14	68113792	68141548	5	2	3	0.483086657998
14	68286496	69196935	5	2	3	0.483086657998
14	69517598	69619867	5	2	3	0.483086657998
14	70791798	70826448	5	2	3	0.483086657998
14	70792781	70883791	5	2	3	0.483086657998
14	73945189	74025651	5	2	3	0.483086657998
14	73957669	73960096	5	2	3	0.483086657998
14	75348594	75370448	5	2	3	0.483086657998
14	75408537	75422487	5	2	3	0.483086657998
14	75480467	75518235	5	2	3	0.483086657998
14	77228532	77249358	5	2	3	0.483086657998
14	77731826	77737655	5	2	3	0.483086657998
14	77924213	77935817	5	2	3	0.483086657998
14	80943326	81425861	5	2	3	0.483086657998
14	81421333	81612646	5	2	3	0.483086657998
14	88851268	88936694	5	2	3	0.483086657998
14	88932122	89021077	5	2	3	0.483086657998
14	90261013	90421121	5	2	3	0.483086657998
14	92510840	92572969	5	2	3	0.483086657998
14	92582466	92588261	5	2	3	0.483086657998
14	92588281	92638489	5	2	3	0.483086657998
14	94514637	94547591	5	2	3	0.483086657998
14	95552565	95624347	5	2	3	0.483086657998
14	95999840	96011061	5	2	3	0.483086657998
14	96152754	96158980	5	2	3	0.483086657998
14	96176304	96180533	5	2	3	0.483086657998
14	96671016	96710503	5	2	3	0.483086657998
14	96671181	96730266	5	2	3	0.483086657998
14	99635624	99737861	5	2	3	0.483086657998
14	99864083	99947226	5	2	3	0.483086657998
14	100800125	100843142	5	2	3	0.483086657998
14	102547075	102606036	5	2	3	0.483086657998
14	102605840	102691184	5	2	3	0.483086657998
14	103243813	103377837	5	2	3	0.483086657998
14	104028233	104180586	5	2	3	0.483086657998
14	104163946	104181841	5	2	3	0.483086657998
14	104177607	104179149	5	2	3	0.483086657998
14	105235686	105262088	5	2	3	0.483086657998
14	105607318	105635161	5	2	3	0.483086657998
15	22303184	22383808	2	0	2	0.180794419263
15	22303184	22383815	2	0	2	0.180794419263
15	22892005	23006016	2	0	2	0.180794419263
15	23004684	23034427	2	0	2	0.180794419263
15	25068784	25223870	2	0	2	0.180794419263
15	28000021	28344504	2	0	2	0.180794419263
15	32933877	32989299	2	0	2	0.180794419263
15	33010175	33037308	2	0	2	0.180794419263
15	34158428	34331377	2	0	2	0.180794419263
15	34633914	34635378	2	0	2	0.180794419263
15	34635516	34649938	2	0	2	0.180794419263
15	35509546	35838394	2	0	2	0.180794419263
15	37181405	37393500	2	0	2	0.180794419263
15	38544527	38649450	2	0	2	0.180794419263
15	38920206	39472700	2	0	2	0.180794419263
15	40327940	40331389	2	0	2	0.180794419263
15	40453224	40513337	2	0	2	0.180794419263
15	40509629	40568597	2	0	2	0.180794419263
15	40986972	41024537	2	0	2	0.180794419263
15	40987327	41024356	2	0	2	0.180794419263
15	42120283	42129779	2	0	2	0.180794419263
15	42120293	42140353	2	0	2	0.180794419263
15	42841008	42862192	2	0	2	0.180794419263
15	43415477	43477344	2	0	2	0.180794419263
15	44580927	44707956	2	0	2	0.180794419263
15	45003685	45011075	2	0	2	0.180794419263
15	45021186	45060027	2	0	2	0.180794419263
15	48623208	48635570	2	0	2	0.180794419263
15	49619159	49913128	2	0	2	0.180794419263
15	49715293	49780972	2	0	2	0.180794419263
15	50150435	50475014	2	0	2	0.180794419263
15	50567589	50647605	2	0	2	0.180794419263
15	52244303	52359569	2	0	2	0.180794419263
15	54270398	54925612	2	0	2	0.180794419263
15	56536207	56738195	2	0	2	0.180794419263
15	56713742	56757335	2	0	2	0.180794419263
15	63334831	63364114	2	0	2	0.180794419263
15	66679155	66784650	2	0	2	0.180794419263
15	66782473	66790151	2	0	2	0.180794419263
15	67356101	67487533	2	0	2	0.180794419263
15	67547138	67794598	2	0	2	0.180794419263
15	70946893	71055932	2	0	2	0.180794419263
15	72114630	72410918	2	0	2	0.180794419263
15	74271264	74286963	2	0	2	0.180794419263
15	74287014	74340153	2	0	2	0.180794419263
15	75249560	75313837	2	0	2	0.180794419263
15	77333745	77376326	2	0	2	0.180794419263
15	77392998	77712486	2	0	2	0.180794419263
15	77905369	78113242	2	0	2	0.180794419263
15	78832747	78844761	2	0	2	0.180794419263
15	80137492	80216096	2	0	2	0.180794419263
15	80191182	80216044	2	0	2	0.180794419263
15	80253231	80263788	2	0	2	0.180794419263
15	81601394	81616524	2	0	2	0.180794419263
15	83654959	83659809	2	0	2	0.180794419263
15	83657193	83680393	2	0	2	0.180794419263
15	85291866	85349663	2	0	2	0.180794419263
15	85523671	85682376	2	0	2	0.180794419263
15	88402982	88799999	2	0	2	0.180794419263
15	89441914	89456642	2	0	2	0.180794419263
15	89787180	89860492	2	0	2	0.180794419263
15	89848429	89878092	2	0	2	0.180794419263
15	90626277	90645736	2	0	2	0.180794419263
15	91260558	91359395	2	0	2	0.180794419263
15	91411822	91426688	2	0	2	0.180794419263
15	93426643	93492460	2	0	2	0.180794419263
15	93443419	93571235	2	0	2	0.180794419263
15	101099574	101143435	2	0	2	0.180794419263
15	101837347	102065405	2	0	2	0.180794419263
15	102462245	102463316	2	0	2	0.180794419263
16	127006	135852	5	2	3	0.437371630227
16	318726	333010	5	2	3	0.437371630227
16	337440	402673	5	2	3	0.437371630227
16	446725	460367	5	2	3	0.437371630227
16	1031808	1036979	5	2	3	0.437371630227
16	2012053	2014861	5	2	3	0.437371630227
16	2089816	2097867	5	2	3	0.437371630227
16	2097466	2139488	5	2	3	0.437371630227
16	2138711	2185899	5	2	3	0.437371630227
16	2205699	2228130	5	2	3	0.437371630227
16	2587965	2653189	5	2	3	0.437371630227
16	3631182	3661599	5	2	3	0.437371630227
16	3775055	3930727	5	2	3	0.437371630227
16	4364762	4389598	5	2	3	0.437371630227
16	4381550	4405608	5	2	3	0.437371630227
16	4896666	4932361	5	2	3	0.437371630227
16	5289803	7763340	5	2	3	0.437371630227
16	9847261	10276611	5	2	3	0.437371630227
16	10960079	11036878	5	2	3	0.437371630227
16	11343476	11475519	5	2	3	0.437371630227
16	11348262	11350057	5	2	3	0.437371630227
16	12021230	12070500	5	2	3	0.437371630227
16	12058964	12061925	5	2	3	0.437371630227
16	14014014	14046202	5	2	3	0.437371630227
16	15737124	15820210	5	2	3	0.437371630227
16	15797029	15950890	5	2	3	0.437371630227
16	19566562	19718115	5	2	3	0.437371630227
16	23614481	23652631	5	2	3	0.437371630227
16	23652713	23688776	5	2	3	0.437371630227
16	27214816	27233089	5	2	3	0.437371630227
16	28915742	28947847	5	2	3	0.437371630227
16	28943260	28950667	5	2	3	0.437371630227
16	31072164	31085641	5	2	3	0.437371630227
16	31094760	31106277	5	2	3	0.437371630227
16	31102163	31107301	5	2	3	0.437371630227
16	31191431	31206192	5	2	3	0.437371630227
16	31482906	31489281	5	2	3	0.437371630227
16	31500792	31520630	5	2	3	0.437371630227
16	48572637	48654059	5	2	3	0.437371630227
16	50775961	50835846	5	2	3	0.437371630227
16	56463045	56486111	5	2	3	0.437371630227
16	58549383	58555085	5	2	3	0.437371630227
16	58741035	58768261	1	0	1	0.650873718346
16	67063019	67134961	1	0	1	0.650873718346
16	67464555	67471456	1	0	1	0.650873718346
16	67596310	67673088	1	0	1	0.650873718346
16	67862060	67881714	1	0	1	0.650873718346
16	67875985	67878098	1	0	1	0.650873718346
16	68771128	68869451	1	0	1	0.650873718346
16	69139467	69152622	1	0	1	0.650873718346
16	69151913	69166487	1	0	1	0.650873718346
16	69740899	69760854	1	0	1	0.650873718346
16	71671738	71758604	1	0	1	0.650873718346
16	72127461	72146811	1	0	1	0.650873718346
16	72816784	73925770	1	0	1	0.650873718346
16	75661372	75682541	1	0	1	0.650873718346
16	79619740	79634611	1	0	1	0.650873718346
16	81055921	81129889	1	0	1	0.650873718346
16	81087192	81129901	1	0	1	0.650873718346
16	81115543	81130030	1	0	1	0.650873718346
16	81772702	81996298	1	0	1	0.650873718346
16	82660408	83834245	1	0	1	0.650873718346
16	86609974	86615766	1	0	1	0.650873718346
16	89627065	89633236	1	0	1	0.650873718346
16	89786808	89807311	1	0	1	0.650873718346
16	89803957	89883065	1	0	1	0.650873718346
16	89978527	89987385	1	0	1	0.650873718346
17	702553	883010	3	0	3	0.471838181681
17	1247566	1303672	3	0	3	0.471838181681
17	1323983	1366456	3	0	3	0.471838181681
17	1732996	1803376	3	0	3	0.471838181681
17	3343313	3417146	3	0	3	0.471838181681
17	4442192	4458926	3	0	3	0.471838181681
17	4699439	4701798	3	0	3	0.471838181681
17	4901243	4931696	3	0	3	0.471838181681
17	6915954	6920839	3	0	3	0.471838181681
17	6917814	6920844	3	0	3	0.471838181681
17	7210318	7215782	3	0	3	0.471838181681
17	7214643	7218883	3	0	3	0.471838181681
17	7215980	7222493	3	0	3	0.471838181681
17	7341592	7348256	3	0	3	0.471838181681
17	7549945	7561086	3	0	3	0.471838181681
17	7565097	7590868	3	0	3	0.471838181681
17	7589389	7606820	3	0	3	0.471838181681
17	8108051	8113918	3	0	3	0.471838181681
17	8128139	8151413	3	0	3	0.471838181681
17	8150936	8173809	3	0	3	0.471838181681
17	11924141	12047147	3	0	3	0.471838181681
17	15902694	15948329	3	0	3	0.471838181681
17	15932471	16121499	3	0	3	0.471838181681
17	16284112	16286059	3	0	3	0.471838181681
17	16945859	17120993	3	0	3	0.471838181681
17	17105963	17140499	3	0	3	0.471838181681
17	17115526	17140502	3	0	3	0.471838181681
17	18561742	18585575	3	0	3	0.471838181681
17	19240867	19281506	4	2	2	0.133778495151
17	19581601	19622292	4	2	2	0.133778495151
17	20739760	20799453	4	2	2	0.133778495151
17	20902906	20947073	4	2	2	0.133778495151
17	21187984	21218552	4	2	2	0.133778495151
17	21729601	21731762	4	2	2	0.133778495151
17	25783496	25953464	4	2	2	0.133778495151
17	29096406	29151794	4	2	2	0.133778495151
17	29421945	29709134	4	2	2	0.133778495151
17	29599031	29624557	4	2	2	0.133778495151
17	30264037	30328064	4	2	2	0.133778495151
17	33254878	33308097	4	2	2	0.133778495151
17	33288549	33290794	4	2	2	0.133778495151
17	33338368	33448512	4	2	2	0.133778495151
17	33419227	33448541	4	2	2	0.133778495151
17	36046435	36105238	4	2	2	0.133778495151
17	36921942	36956379	4	2	2	0.133778495151
17	37356536	37360985	4	2	2	0.133778495151
17	37560538	37607539	5	2	3	0.677533379325
17	37617764	37721160	5	2	3	0.677533379325
17	37844167	37886679	5	2	3	0.677533379325
17	38137050	38154213	5	2	3	0.677533379325
17	38465444	38513895	5	2	3	0.677533379325
17	38544768	38574202	5	2	3	0.677533379325
17	38781214	38805116	5	2	3	0.677533379325
17	38783608	38821393	5	2	3	0.677533379325
17	39845137	39848920	5	2	3	0.677533379325
17	40351186	40428725	5	2	3	0.677533379325
17	40439565	40463961	5	2	3	0.677533379325
17	40465342	40540586	5	2	3	0.677533379325
17	41150290	41154976	5	2	3	0.677533379325
17	41196312	41322262	5	2	3	0.677533379325
17	41561233	41687706	5	2	3	0.677533379325
17	41605212	41656988	5	2	3	0.677533379325
17	42282401	42298994	5	2	3	0.677533379325
17	42472652	42580798	5	2	3	0.677533379325
17	44839872	44910520	5	2	3	0.677533379325
17	44910567	44964096	5	2	3	0.677533379325
17	46147414	46178883	5	2	3	0.677533379325
17	46802125	46806540	5	2	3	0.677533379325
17	47676246	47755596	5	2	3	0.677533379325
17	48712138	48769613	5	2	3	0.677533379325
17	49707674	50237377	5	2	3	0.677533379325
17	53342373	53402426	5	2	3	0.253204068595
17	53959662	54589020	5	2	3	0.253204068595
17	55015548	55038415	5	2	3	0.253204068595
17	56422567	56494956	5	2	3	0.253204068595
17	56429861	56494956	5	2	3	0.253204068595
17	56497528	56565745	5	2	3	0.253204068595
17	56769934	56812972	5	2	3	0.253204068595
17	57936843	57970306	5	2	3	0.253204068595
17	57970407	58027925	5	2	3	0.253204068595
17	58018269	58050462	5	2	3	0.253204068595
17	58677544	58743641	5	2	3	0.253204068595
17	59667787	59668563	5	2	3	0.253204068595
17	59758627	59940882	5	2	3	0.253204068595
17	61699775	61773663	5	2	3	0.253204068595
17	61904512	61909386	5	2	3	0.253204068595
17	61994563	62008745	5	2	3	0.253204068595
17	62006100	62009714	5	2	3	0.253204068595
17	62224587	62340661	5	2	3	0.253204068595
17	63006833	63052957	5	2	3	0.253204068595
17	63524681	63557765	5	2	3	0.253204068595
17	63534220	63637151	5	2	3	0.253204068595
17	66507921	66547460	5	2	3	0.253204068595
17	66531254	66597530	5	2	3	0.253204068595
17	67074843	67138029	5	2	3	0.253204068595
17	70117161	70122561	5	2	3	0.253204068595
17	71203492	71232892	5	2	3	0.253204068595
17	72666717	72743474	5	2	3	0.253204068595
17	72744791	72765492	5	2	3	0.253204068595
17	73314157	73401790	5	2	3	0.253204068595
17	73975312	74002080	5	2	3	0.253204068595
17	73996987	74002080	5	2	3	0.253204068595
17	74034856	74068734	5	2	3	0.253204068595
17	74138534	74236454	5	2	3	0.253204068595
17	74708914	74722881	5	2	3	0.253204068595
17	74729060	74734604	5	2	3	0.253204068595
17	74730197	74733456	5	2	3	0.253204068595
17	74731947	74777531	5	2	3	0.253204068595
17	76210267	76221717	5	2	3	0.253204068595
17	76210462	76220740	5	2	3	0.253204068595
17	77751931	77761782	5	2	3	0.253204068595
17	77765931	77775482	5	2	3	0.253204068595
17	77806955	77813228	5	2	3	0.253204068595
17	78518619	78940171	5	2	3	0.253204068595
17	79476997	79490873	5	2	3	0.253204068595
17	79934683	79975282	5	2	3	0.253204068595
17	80709940	80903798	5	2	3	0.253204068595
17	80787311	80798454	5	2	3	0.253204068595
18	158383	214629	3	1	2	0.524976491598
18	214520	268050	3	1	2	0.524976491598
18	316740	500722	3	1	2	0.524976491598
18	596988	650334	3	1	2	0.524976491598
18	657604	673578	3	1	2	0.524976491598
18	670324	712676	3	1	2	0.524976491598
18	9913999	9960018	3	1	2	0.524976491598
18	12093852	12129748	3	1	2	0.524976491598
18	13217497	13652754	3	1	2	0.524976491598
18	18822203	19105378	3	1	2	0.524976491598
18	19284918	19450918	3	1	2	0.524976491598
18	19749404	19782491	3	1	2	0.524976491598
18	23805900	23971649	3	1	2	0.524976491598
18	29339525	29340843	3	1	2	0.524976491598
18	30517366	31021065	3	1	2	0.524976491598
18	31431064	31804916	3	1	2	0.524976491598
18	32556892	32723434	3	1	2	0.524976491598
18	32912176	32925446	3	1	2	0.524976491598
18	33877677	34360018	3	1	2	0.524976491598
18	34409069	34812135	3	1	2	0.524976491598
18	42260138	42648475	3	1	2	0.524976491598
18	45335328	45457517	3	1	2	0.524976491598
18	45553044	45937123	3	1	2	0.524976491598
18	46446223	46478422	3	1	2	0.524976491598
18	48086448	48258194	3	1	2	0.524976491598
18	48494389	48584514	3	1	2	0.524976491598
18	48554764	48611415	3	1	2	0.524976491598
18	51795774	51847636	3	1	2	0.524976491598
18	52385091	52562747	3	1	2	0.524976491598
18	52889562	53332018	3	1	2	0.524976491598
18	56338618	56421709	3	1	2	0.524976491598
18	56995055	57027194	3	1	2	0.524976491598
18	59572488	59854351	3	1	2	0.524976491598
18	60382683	60647666	3	1	2	0.524976491598
18	60505640	60505948	3	1	2	0.524976491598
18	60790579	60987361	3	1	2	0.524976491598
18	60994959	61034743	3	1	2	0.524976491598
18	63417488	63557577	3	1	2	0.524976491598
18	67068291	67516323	3	1	2	0.524976491598
18	72163051	72190689	3	1	2	0.524976491598
18	77155856	77289325	3	1	2	0.524976491598
19	107104	117102	4	2	2	0.677533379325
19	416583	460996	4	2	2	0.677533379325
19	571277	583493	4	2	2	0.677533379325
19	639879	644371	4	2	2	0.677533379325
19	851014	856247	4	2	2	0.677533379325
19	1103925	1106790	4	2	2	0.677533379325
19	1177557	1228434	4	2	2	0.677533379325
19	1438357	1440493	4	2	2	0.677533379325
19	1573595	1592800	4	2	2	0.677533379325
19	1578338	1605444	4	2	2	0.677533379325
19	1609289	1652604	4	2	2	0.677533379325
19	2100987	2164467	4	2	2	0.677533379325
19	2164148	2232577	4	2	2	0.677533379325
19	3094408	3124002	4	2	2	0.677533379325
19	3136191	3163767	4	2	2	0.677533379325
19	3224701	3297074	4	2	2	0.677533379325
19	3976054	3985467	4	2	2	0.677533379325
19	4007644	4039384	4	2	2	0.677533379325
19	4090319	4124126	4	2	2	0.677533379325
19	5823813	5828335	4	2	2	0.677533379325
19	6372444	6375262	4	2	2	0.677533379325
19	6375159	6379069	4	2	2	0.677533379325
19	6583194	6604114	4	2	2	0.677533379325
19	7804880	7812450	4	2	2	0.677533379325
19	8454865	8469318	4	2	2	0.677533379325
19	8831998	8842522	4	2	2	0.677533379325
19	9320952	9330265	4	2	2	0.677533379325
19	9358020	9363301	4	2	2	0.677533379325
19	10596796	10614417	4	2	2	0.677533379325
19	10828755	10944164	4	2	2	0.677533379325
19	10943114	10946994	4	2	2	0.677533379325
19	10982189	11033746	4	2	2	0.677533379325
19	11071501	11190102	4	2	2	0.677533379325
19	11200038	11244492	4	2	2	0.677533379325
19	11242196	11266484	4	2	2	0.677533379325
19	11487881	11495018	4	2	2	0.677533379325
19	11925099	11946016	4	2	2	0.677533379325
19	12335501	12405702	4	2	2	0.677533379325
19	12543917	12595630	4	2	2	0.677533379325
19	12571998	12624668	4	2	2	0.677533379325
19	12572373	12662288	4	2	2	0.677533379325
19	12873817	12983554	4	2	2	0.677533379325
19	12902310	12904129	4	2	2	0.677533379325
19	13049392	13055303	4	2	2	0.677533379325
19	13215716	13228381	4	2	2	0.677533379325
19	14072350	14117851	4	2	2	0.677533379325
19	15269849	15311792	4	2	2	0.677533379325
19	15346330	15443356	4	2	2	0.677533379325
19	17935589	17958880	4	2	2	0.677533379325
19	18263928	18281350	4	2	2	0.677533379325
19	18263968	18288927	4	2	2	0.677533379325
19	18682540	18688360	4	2	2	0.677533379325
19	18683030	18718551	4	2	2	0.677533379325
19	19010323	19030206	4	2	2	0.677533379325
19	19144384	19171120	4	2	2	0.677533379325
19	19256376	19302967	4	2	2	0.677533379325
19	19256377	19281098	4	2	2	0.677533379325
19	19672516	19729725	4	2	2	0.677533379325
19	20188803	20237885	4	2	2	0.677533379325
19	21541732	21562104	4	2	2	0.677533379325
19	23258012	23330021	4	2	2	0.677533379325
19	30302805	30315215	4	2	2	0.677533379325
19	30414551	30507515	4	2	2	0.677533379325
19	31765851	31840453	4	2	2	0.677533379325
19	32836500	32878573	4	2	2	0.677533379325
19	33790840	33793470	4	2	2	0.677533379325
19	33864236	33873592	4	2	2	0.677533379325
19	34850385	34893318	4	2	2	0.677533379325
19	35810164	35838258	4	2	2	0.677533379325
19	36139125	36149763	4	2	2	0.677533379325
19	36208921	36229779	4	2	2	0.677533379325
19	36229702	36233354	4	2	2	0.677533379325
19	36230153	36236333	4	2	2	0.677533379325
19	36233365	36236346	4	2	2	0.677533379325
19	36236015	36238420	4	2	2	0.677533379325
19	36236579	36245420	4	2	2	0.677533379325
19	36239262	36245420	4	2	2	0.677533379325
19	38104650	38183238	4	2	2	0.677533379325
19	38158652	38183223	4	2	2	0.677533379325
19	39138289	39222223	4	2	2	0.677533379325
19	39306062	39322645	4	2	2	0.677533379325
19	39308111	39330818	4	2	2	0.677533379325
19	39734193	39735769	4	2	2	0.677533379325
19	39759154	39760732	4	2	2	0.677533379325
19	39786965	39789313	4	2	2	0.677533379325
19	39881943	39891277	4	2	2	0.677533379325
19	39923847	39926588	4	2	2	0.677533379325
19	39926796	39967310	4	2	2	0.677533379325
19	40736224	40791443	4	2	2	0.677533379325
19	41256542	41271294	4	2	2	0.677533379325
19	41725108	41767671	4	2	2	0.677533379325
19	42381190	42385439	4	2	2	0.677533379325
19	42590262	42700737	4	2	2	0.677533379325
19	42772689	42799949	4	2	2	0.677533379325
19	44047192	44084625	4	2	2	0.677533379325
19	44058844	44097188	4	2	2	0.677533379325
19	44080952	44088116	4	2	2	0.677533379325
19	44645710	44664462	4	2	2	0.677533379325
19	45281126	45303909	4	2	2	0.677533379325
19	45853095	45874176	4	2	2	0.677533379325
19	45909467	45914024	4	2	2	0.677533379325
19	45910591	45982086	4	2	2	0.677533379325
19	45971253	45978437	4	2	2	0.677533379325
19	46367247	46377055	4	2	2	0.677533379325
19	47421933	47508334	4	2	2	0.677533379325
19	47835404	47850584	4	2	2	0.677533379325
19	49258816	49261590	4	2	2	0.677533379325
19	49375649	49379314	4	2	2	0.677533379325
19	49458072	49465055	4	2	2	0.677533379325
19	49468558	49470135	4	2	2	0.677533379325
19	49557532	49562117	4	2	2	0.677533379325
19	49559050	49568333	4	2	2	0.677533379325
19	49588676	49611862	4	2	2	0.677533379325
19	49843852	49865714	4	2	2	0.677533379325
19	50691443	50813801	4	2	2	0.677533379325
19	50887461	50921273	4	2	2	0.677533379325
19	50919056	50931666	4	2	2	0.677533379325
19	50922195	50934570	4	2	2	0.677533379325
19	52248425	52307363	4	2	2	0.677533379325
19	52693292	52732786	4	2	2	0.677533379325
19	53792854	53794879	4	2	2	0.677533379325
19	55851221	55859488	4	2	2	0.677533379325
19	55851254	55870884	4	2	2	0.677533379325
19	55896713	55914618	4	2	2	0.677533379325
19	56643968	56672262	4	2	2	0.677533379325
19	56662314	56663250	4	2	2	0.677533379325
19	57019212	57041590	4	2	2	0.677533379325
19	58570607	58597677	4	2	2	0.677533379325
19	58595205	58629794	4	2	2	0.677533379325
19	58897767	58906173	4	2	2	0.677533379325
19	59067079	59070327	4	2	2	0.677533379325
20	343479	378203	4	2	2	0.392136560846
20	1093906	1170059	4	2	2	0.392136560846
20	3639939	3644046	4	2	2	0.392136560846
20	4666882	4682236	4	2	2	0.392136560846
20	9049410	9461889	4	2	2	0.392136560846
20	13976015	16033842	4	2	2	0.392136560846
20	17594323	17662940	4	2	2	0.392136560846
20	18488126	18542059	4	2	2	0.392136560846
20	20370196	20693131	4	2	2	0.392136560846
20	21376005	21378666	4	2	2	0.392136560846
20	21686297	21699124	4	2	2	0.392136560846
20	22541191	22564899	4	2	2	0.392136560846
20	22561643	22566093	4	2	2	0.392136560846
20	24449835	24647252	4	2	2	0.392136560846
20	25228705	25278650	4	2	2	0.392136560846
20	25275379	25371619	4	2	2	0.392136560846
20	29964967	29978406	4	2	2	0.392136560846
20	29992648	30000641	4	2	2	0.392136560846
20	30252255	30311792	4	2	2	0.392136560846
20	30309001	30309134	4	2	2	0.392136560846
20	30780306	30795594	4	2	2	0.392136560846
20	30946133	31027122	4	2	2	0.392136560846
20	32782375	32857150	4	2	2	0.392136560846
20	35973088	36034453	4	2	2	0.392136560846
20	39314488	39317880	4	2	2	0.392136560846
20	39657458	39753127	4	2	2	0.392136560846
20	39765600	39825441	4	2	2	0.392136560846
20	40030741	40247133	4	2	2	0.392136560846
20	40701392	41818610	4	2	2	0.392136560846
20	43514317	43537173	4	2	2	0.392136560846
20	44462449	44471914	4	2	2	0.392136560846
20	44470360	44486045	4	2	2	0.392136560846
20	44746911	44758502	4	2	2	0.392136560846
20	45523263	45817492	4	2	2	0.392136560846
20	46130646	46285621	4	2	2	0.392136560846
20	47835832	47860614	4	2	2	0.392136560846
20	47854483	47894963	4	2	2	0.392136560846
20	48807271	48809226	4	2	2	0.392136560846
20	52183604	52226446	4	2	2	0.392136560846
20	54944445	54967393	4	2	2	0.392136560846
20	57414773	57486247	4	2	2	0.392136560846
20	58438618	58508710	4	2	2	0.392136560846
20	58533482	58609066	4	2	2	0.392136560846
20	60711791	60718496	4	2	2	0.392136560846
20	60962172	60963576	4	2	2	0.392136560846
20	62159354	62168723	4	2	2	0.392136560846
20	62172163	62178857	4	2	2	0.392136560846
21	10906201	11029719	2	1	1	1.0
21	15481134	15583212	2	1	1	1.0
21	16333556	16438257	2	1	1	1.0
21	18884700	18965897	2	1	1	1.0
21	30300466	30365277	2	1	1	1.0
21	30566392	31003071	2	1	1	1.0
21	33951132	33984591	2	1	1	1.0
21	33964389	33985176	2	1	1	1.0
21	34398153	34401504	2	1	1	1.0
21	34602206	34669465	2	1	1	1.0
21	34602206	34637980	2	1	1	1.0
21	34696782	34732168	2	1	1	1.0
21	34775202	34851655	2	1	1	1.0
21	34804792	34852318	2	1	1	1.0
21	34956993	35303911	2	1	1	1.0
21	35275757	35288284	2	1	1	1.0
21	35445524	35515334	2	1	1	1.0
21	35445870	35478561	2	1	1	1.0
21	36160098	37376965	2	1	1	1.0
21	37406839	37451687	2	1	1	1.0
21	37442239	37445464	2	1	1	1.0
21	37507210	37518864	2	1	1	1.0
21	39751949	40033704	2	1	1	1.0
21	40177231	40196879	2	1	1	1.0
21	41382926	42219065	2	1	1	1.0
21	42836478	42903043	2	1	1	1.0
21	44513066	44527697	2	1	1	1.0
21	44513066	44527693	2	1	1	1.0
21	47744036	47865682	2	1	1	1.0
21	47878812	47989765	2	1	1	1.0
22	18111621	18213621	2	0	2	0.28550797185
22	18216904	18257536	2	0	2	0.28550797185
22	18834324	18848562	2	0	2	0.28550797185
22	21271714	21308037	2	0	2	0.28550797185
22	21336302	21353327	2	0	2	0.28550797185
22	22108789	22221970	2	0	2	0.28550797185
22	23521891	23660224	5	2	3	0.677533379325
22	24129118	24180195	3	1	2	0.615839792241
22	24176690	24181315	3	1	2	0.615839792241
22	24376133	24384680	3	1	2	0.615839792241
22	28144265	28197486	3	1	2	0.615839792241
22	29083731	29138410	3	1	2	0.615839792241
22	29190543	29196585	3	1	2	0.615839792241
22	29279580	29453475	3	1	2	0.615839792241
22	29655841	29664198	3	1	2	0.615839792241
22	29663998	29696515	3	1	2	0.615839792241
22	29999545	30094587	3	1	2	0.615839792241
22	31721790	31742218	3	1	2	0.615839792241
22	32908539	33454358	3	1	2	0.615839792241
22	33558212	34318829	3	1	2	0.615839792241
22	36677323	36784112	3	1	2	0.615839792241
22	37621301	37640488	3	1	2	0.615839792241
22	38348614	38437922	3	1	2	0.615839792241
22	38366693	38383429	3	1	2	0.615839792241
22	39077953	39081426	3	1	2	0.615839792241
22	39257455	39268319	3	1	2	0.615839792241
22	39516172	39548679	3	1	2	0.615839792241
22	39619364	39640756	3	1	2	0.615839792241
22	39915700	39918690	3	1	2	0.615839792241
22	41487790	41576083	3	1	2	0.615839792241
22	41763337	41795330	3	1	2	0.615839792241
22	42522501	42526908	3	1	2	0.615839792241
22	46316242	46373009	3	1	2	0.615839792241
22	46546424	46639653	3	1	2	0.615839792241
22	50354161	50357728	3	1	2	0.615839792241
22	50702142	50709196	3	1	2	0.615839792241
23	294698	347690	3	1	2	0.385288767045
23	1314894	1331643	3	1	2	0.385288767045
23	1455509	1501582	3	1	2	0.385288767045
23	1581465	1656000	3	1	2	0.385288767045
23	9754496	9917483	3	1	2	0.385288767045
23	12885202	12908499	3	1	2	0.385288767045
23	12924739	12941288	3	1	2	0.385288767045
23	14854083	14891191	3	1	2	0.385288767045
23	15363713	15402498	3	1	2	0.385288767045
23	15808595	15841383	3	1	2	0.385288767045
23	16964814	17171403	3	1	2	0.385288767045
23	18181051	18239003	3	1	2	0.385288767045
23	20142636	20159962	3	1	2	0.385288767045
23	23851470	23926051	3	1	2	0.385288767045
23	25021811	25034537	3	1	2	0.385288767045
23	28605516	29974840	3	1	2	0.385288767045
23	30322323	30327715	3	1	2	0.385288767045
23	37208528	37316548	3	1	2	0.385288767045
23	37208583	38546928	3	1	2	0.385288767045
23	39909068	40036582	3	1	2	0.385288767045
23	41192537	41223725	3	1	2	0.385288767045
23	44007128	44202918	3	1	2	0.385288767045
23	44732423	44971847	3	1	2	0.385288767045
23	47004268	47046212	3	1	2	0.385288767045
23	47420499	47431319	3	1	2	0.385288767045
23	48553945	48567403	3	1	2	0.385288767045
23	48644962	48652718	3	1	2	0.385288767045
23	48886237	48901012	3	1	2	0.385288767045
23	51546103	51645453	3	1	2	0.385288767045
23	53123327	53200096	3	1	2	0.385288767045
23	53220503	53254604	3	1	2	0.385288767045
23	53401070	53449677	3	1	2	0.385288767045
23	53449639	53458068	3	1	2	0.385288767045
23	56258854	56314322	3	1	2	0.385288767045
23	56844731	57022260	3	1	2	0.385288767045
23	62854847	63029154	3	1	2	0.385288767045
23	63404997	63425624	3	1	2	0.385288767045
23	65815479	65859140	3	1	2	0.385288767045
23	66763874	66950461	3	1	2	0.385288767045
23	68835911	69259319	3	1	2	0.385288767045
23	70316047	70323385	3	1	2	0.385288767045
23	70323739	70326638	3	1	2	0.385288767045
23	70323837	70331425	3	1	2	0.385288767045
23	70338406	70362304	3	1	2	0.385288767045
23	70459474	70474996	3	1	2	0.385288767045
23	70586089	70752224	3	1	2	0.385288767045
23	72783036	72906937	3	1	2	0.385288767045
23	76709648	76712769	3	1	2	0.385288767045
23	76760356	77041719	3	1	2	0.385288767045
23	85403462	86087607	3	1	2	0.385288767045
23	95939662	96859996	3	1	2	0.385288767045
23	100604435	100645784	3	1	2	0.385288767045
23	101137260	101187004	3	1	2	0.385288767045
23	101408680	101411029	3	1	2	0.385288767045
23	103810996	105011822	3	1	2	0.385288767045
23	107965300	107975917	3	1	2	0.385288767045
23	113818551	114144624	3	1	2	0.385288767045
23	117031776	117251303	3	1	2	0.385288767045
23	119384607	119392253	3	1	2	0.385288767045
23	119658464	119709649	3	1	2	0.385288767045
23	122993574	123047829	3	1	2	0.385288767045
23	123094062	123556514	3	1	2	0.385288767045
23	123361718	123507047	3	1	2	0.385288767045
23	123509753	124097666	3	1	2	0.385288767045
23	128580478	128657477	3	1	2	0.385288767045
23	128673826	128726538	3	1	2	0.385288767045
23	129115083	129192058	3	1	2	0.385288767045
23	130407480	130712873	3	1	2	0.385288767045
23	132350697	132352376	3	1	2	0.385288767045
23	132669773	133119922	3	1	2	0.385288767045
23	133507283	133562821	3	1	2	0.385288767045
23	135614311	135638966	3	1	2	0.385288767045
23	135930163	135962923	3	1	2	0.385288767045
23	148678216	148713568	3	1	2	0.385288767045
23	149529689	149682448	3	1	2	0.385288767045
23	149861444	149933576	3	1	2	0.385288767045
23	149934810	150067289	3	1	2	0.385288767045
23	150863596	150874396	3	1	2	0.385288767045
23	151301782	151307050	3	1	2	0.385288767045
23	153759605	153775787	3	1	2	0.385288767045
23	153769414	153793261	3	1	2	0.385288767045
23	153903526	153979858	3	1	2	0.385288767045
23	153991017	154005964	3	1	2	0.385288767045
23	154289897	154299637	3	1	2	0.385288767045
23	154289897	154376212	3	1	2	0.385288767045
23	154997474	155012121	3	1	2	0.385288767045
