ID	chrom	loc.start	loc.end	seg	num.mark	nhet	cnlr.median	mafR	segclust	cnlr.median.clust	mafR.clust	cf	tcn	lcn	cf.em	tcn.em	lcn.em
sample_T_N	1	63093	46727100	1	1322	155	-0.080574083	0.165721316	26	-0.079948944	0.165721316	0.325843464	6	2	0.337817135	6	2
sample_T_N	1	46727300	148904205	2	1026	195	-0.948226659	0.077538801	2	-0.977813648	0.104297295	0.248772413	1	0	0.276071589	1	0
sample_T_N	1	149301707	226259950	3	1124	164	-0.269420624	0.009415095	21	-0.28169604	0.010973439	0.248772413	5	2	0.253204069	5	2
sample_T_N	1	226260274	248867702	4	240	30	-0.929774738	-0.004960771	6	-0.91781772	-0.004960771	0.16577471	0	0	0.117785407	0	0
sample_T_N	2	27400	113191231	5	1611	245	-0.807603737	0.144992437	7	-0.82255513	0.151278954	0.16577471	2	0	0.192073279	2	0
sample_T_N	2	113973300	114033900	6	240	13	-0.073408994	0.252833774	27	-0.079948944	NA	0.475763291	4	NA	0.597224684	4	NA
sample_T_N	2	114034185	243176250	7	1895	310	-0.91781772	0.203444677	5	-0.91781772	0.203444677	0.325843464	1	0	0.36304	1	0
sample_T_N	3	182750	197354781	8	2661	423	-0.492767929	0.034814077	15	-0.501331008	0.055263408	0.325843464	3	1	0.385288767	3	1
sample_T_N	4	15705	75705378	9	885	118	-0.289045625	0.097677806	22	-0.28169604	0.074928994	0.572518719	3	1	0.392136561	4	2
sample_T_N	4	75705618	144707138	10	784	131	-0.98932301	1.995196189	3	-0.977813648	1.995196189	0.677533379	1	0	0.62705833	2	0
sample_T_N	4	144818165	190435750	11	430	83	-0.167902916	0.068577611	24	-0.143474685	0.068587164	0.325843464	5	2	0.483086658	5	2
sample_T_N	5	33650	180890250	12	2256	390	-0.477951287	-0.002936575	16	-0.501331008	0.005793083	0.248772413	3	1	0.205391662	4	2
sample_T_N	6	188969	32729300	13	547	188	-0.385471459	0.032688173	19	-0.392532344	0.032688173	0.419634387	3	1	0.286547576	4	2
sample_T_N	6	32729470	89787483	14	630	157	0.17194642	0.003034551	33	0.17194642	0.003034551	0.882737277	4	2	0.677533379	4	2
sample_T_N	6	89787821	171045800	15	1825	285	-0.634614927	0.010361892	11	-0.621264369	0.01028697	0.16577471	3	1	0.178148163	3	1
sample_T_N	7	81050	77423550	16	765	168	-0.956456369	0.137339662	2	-0.977813648	0.104297295	0.248772413	1	0	0.276071589	1	0
sample_T_N	7	77423900	158827750	17	1934	255	-1.222491885	1.445043795	1	-1.210007376	1.421839083	0.677533379	1	0	0.677533379	1	0
sample_T_N	8	21100	145813850	18	2171	267	-0.265680072	0.024853991	21	-0.28169604	0.010973439	0.248772413	5	2	0.253204069	5	2
sample_T_N	9	211100	87338794	19	804	126	-0.606035021	0.010078224	11	-0.621264369	0.01028697	0.16577471	3	1	0.178148163	3	1
sample_T_N	9	87338999	87458700	20	457	50	-0.139727199	-0.001185152	25	-0.143474685	-0.001185152	0.523184925	4	2	0.525464988	4	2
sample_T_N	9	87459100	87496200	21	148	21	0.133423534	0.013503524	32	0.123435191	NA	0.475763291	5	NA	0.421719579	6	3
sample_T_N	9	87496550	87499700	22	13	1	-0.040503711	-0.014793932	29	-0.025018463	NA	0.475763291	5	NA	0.634073137	4	NA
sample_T_N	9	87499890	110259772	23	693	99	-0.291348326	0.00735517	21	-0.28169604	0.010973439	0.248772413	5	2	0.253204069	5	2
sample_T_N	9	114694214	139440200	24	447	83	0.286506502	-0.005879596	34	0.286506502	-0.005879596	0.523184925	6	3	0.524899728	6	3
sample_T_N	9	140971519	141017562	25	18	6	-0.392891092	-0.003193961	20	-0.392532344	NA	0.475763291	3	NA	0.559895957	3	NA
sample_T_N	10	253000	135289200	26	1811	219	-0.522745244	0.343977083	17	-0.501331008	0.343977083	0.248772413	3	0	0.677533379	3	1
sample_T_N	11	192764	63886550	27	750	150	-0.484041038	0.029778689	16	-0.501331008	0.005793083	0.248772413	3	1	0.205391662	4	2
sample_T_N	11	64002418	75911520	28	224	36	1.071671296	1.173194054	36	1.071671296	1.173194054	0.882737277	8	2	0.677533379	9	2
sample_T_N	11	75911770	93171150	29	249	39	-0.821864292	0.200847114	7	-0.82255513	0.151278954	0.16577471	2	0	0.192073279	2	0
sample_T_N	11	93171450	134672600	30	1252	164	-1.197675919	1.393391422	1	-1.210007376	1.421839083	0.677533379	1	0	0.677533379	1	0
sample_T_N	12	191792	133336458	31	2009	330	-0.306429552	0.001675074	21	-0.28169604	0.010973439	0.248772413	5	2	0.253204069	5	2
sample_T_N	13	20138645	115097450	32	1264	221	-0.842231842	0.380079518	8	-0.82255513	0.344965207	0.248772413	2	0	0.285507972	2	0
sample_T_N	14	19050467	106924950	33	1252	229	-0.14349773	0.068597259	24	-0.143474685	0.068587164	0.325843464	5	2	0.483086658	5	2
sample_T_N	15	20215850	102467700	34	1745	268	-0.701840599	0.133471771	9	-0.697163153	0.133471771	0.16577471	2	0	0.180794419	2	0
sample_T_N	16	130853	58552395	35	1122	134	-0.021223549	0.05738229	28	-0.025018463	0.05738229	0.419634387	5	2	0.43737163	5	2
sample_T_N	16	58552700	89984000	36	636	114	-0.999844651	1.238734618	4	-0.977813648	1.238734618	0.572518719	1	0	0.650873718	1	0
sample_T_N	16	89984370	90282200	37	19	5	-0.323435268	0.390465424	23	-0.28169604	NA	0.475763291	4	NA	0.171538026	6	NA
sample_T_N	17	700687	18575950	38	461	74	-0.619928006	1.476630589	12	-0.621264369	1.476630589	0.325843464	3	0	0.471838182	3	0
sample_T_N	17	18576100	37360477	39	581	75	-0.567837457	-0.008461071	13	-0.561163096	-0.008461071	0.16577471	3	1	0.133778495	4	2
sample_T_N	17	37360700	52773225	40	869	99	0.374846938	0.017609878	35	0.374846938	0.017609878	0.475763291	7	3	0.677533379	5	2
sample_T_N	17	53363443	81177150	41	704	130	-0.296714993	0.00632411	21	-0.28169604	0.010973439	0.248772413	5	2	0.253204069	5	2
sample_T_N	18	193180	77213350	42	726	73	-0.552268154	0.193082837	14	-0.561163096	0.193082837	0.16577471	3	0	0.524976492	3	1
sample_T_N	19	104800	59068050	43	1995	289	0.022837474	-9.24E-05	30	0.022837474	-9.24E-05	0.677533379	4	2	0.677533379	4	2
sample_T_N	20	351535	62176400	44	856	150	-0.253906941	0.053992997	22	-0.28169604	0.074928994	0.572518719	3	1	0.392136561	4	2
sample_T_N	21	9656310	48099450	45	602	159	-0.678669524	0.018609651	10	-0.697163153	0.018609651	1	2	1	1	2	1
sample_T_N	22	16345614	23220150	46	261	71	-0.821562534	0.199706976	8	-0.82255513	0.344965207	0.248772413	2	0	0.285507972	2	0
sample_T_N	22	23220467	23613011	47	346	54	0.119310398	0.253570856	31	0.123435191	0.253570856	0.419634387	6	2	0.677533379	5	2
sample_T_N	22	23613404	50710857	48	923	198	-0.453843131	0.184029362	18	-0.453843131	0.184029362	0.475763291	3	1	0.615839792	3	1
sample_T_N	23	284450	155012350	49	2011	136	-0.497563737	0.115866809	15	-0.501331008	0.055263408	0.325843464	3	1	0.385288767	3	1